-50.000000 -50.000000 -50.000000 -50.000000 -50.000000 -50.000000 -50.000000 -50.000000 -50.000000 -50.000000 -50.000000 -50.000000 -50.000000
-49.598997 -49.598997 -49.598997 -49.598997 -49.598997 -49.598997 -49.598997 -49.598997 -49.598997 -49.598997 -49.598997 -49.598997 -49.598997
-49.197995 -49.197995 -49.197995 -49.197995 -49.197995 -49.197995 -49.197995 -49.197995 -49.197995 -49.197995 -49.197995 -49.197995 -49.197995
-48.796992 -48.796992 -48.796992 -48.796992 -48.796992 -48.796992 -48.796992 -48.796992 -48.796992 -48.796992 -48.796992 -48.796992 -48.796992
-48.395990 -48.395990 -48.395990 -48.395990 -48.395990 -48.395990 -48.395990 -48.395990 -48.395990 -48.395990 -48.395990 -48.395990 -48.395990
-47.994987 -47.994987 -47.994987 -47.994987 -47.994987 -47.994987 -47.994987 -47.994987 -47.994987 -47.994987 -47.994987 -47.994987 -47.994987
-47.593985 -47.593985 -47.593985 -47.593985 -47.593985 -47.593985 -47.593985 -47.593985 -47.593985 -47.593985 -47.593985 -47.593985 -47.593985
-47.192982 -47.192982 -47.192982 -47.192982 -47.192982 -47.192982 -47.192982 -47.192982 -47.192982 -47.192982 -47.192982 -47.192982 -47.192982
-46.791980 -46.791980 -46.791980 -46.791980 -46.791980 -46.791980 -46.791980 -46.791980 -46.791980 -46.791980 -46.791980 -46.791980 -46.791980
-46.390977 -46.390977 -46.390977 -46.390977 -46.390977 -46.390977 -46.390977 -46.390977 -46.390977 -46.390977 -46.390977 -46.390977 -46.390977
-45.989975 -45.989975 -45.989975 -45.989975 -45.989975 -45.989975 -45.989975 -45.989975 -45.989975 -45.989975 -45.989975 -45.989975 -45.989975
-45.588972 -45.588972 -45.588972 -45.588972 -45.588972 -45.588972 -45.588972 -45.588972 -45.588972 -45.588972 -45.588972 -45.588972 -45.588972
-45.187970 -45.187970 -45.187970 -45.187970 -45.187970 -45.187970 -45.187970 -45.187970 -45.187970 -45.187970 -45.187970 -45.187970 -45.187970
-44.786967 -44.786967 -44.786967 -44.786967 -44.786967 -44.786967 -44.786967 -44.786967 -44.786967 -44.786967 -44.786967 -44.786967 -44.786967
-44.385965 -44.385965 -44.385965 -44.385965 -44.385965 -44.385965 -44.385965 -44.385965 -44.385965 -44.385965 -44.385965 -44.385965 -44.385965
-43.984962 -43.984962 -43.984962 -43.984962 -43.984962 -43.984962 -43.984962 -43.984962 -43.984962 -43.984962 -43.984962 -43.984962 -43.984962
-43.583960 -43.583960 -43.583960 -43.583960 -43.583960 -43.583960 -43.583960 -43.583960 -43.583960 -43.583960 -43.583960 -43.583960 -43.583960
-43.182957 -43.182957 -43.182957 -43.182957 -43.182957 -43.182957 -43.182957 -43.182957 -43.182957 -43.182957 -43.182957 -43.182957 -43.182957
-42.781955 -42.781955 -42.781955 -42.781955 -42.781955 -42.781955 -42.781955 -42.781955 -42.781955 -42.781955 -42.781955 -42.781955 -42.781955
-42.380952 -42.380952 -42.380952 -42.380952 -42.380952 -42.380952 -42.380952 -42.380952 -42.380952 -42.380952 -42.380952 -42.380952 -42.380952
-41.979950 -41.979950 -41.979950 -41.979950 -41.979950 -41.979950 -41.979950 -41.979950 -41.979950 -41.979950 -41.979950 -41.979950 -41.979950
-41.578947 -41.578947 -41.578947 -41.578947 -41.578947 -41.578947 -41.578947 -41.578947 -41.578947 -41.578947 -41.578947 -41.578947 -41.578947
-41.177945 -41.177945 -41.177945 -41.177945 -41.177945 -41.177945 -41.177945 -41.177945 -41.177945 -41.177945 -41.177945 -41.177945 -41.177945
-40.776942 -40.776942 -40.776942 -40.776942 -40.776942 -40.776942 -40.776942 -40.776942 -40.776942 -40.776942 -40.776942 -40.776942 -40.776942
-40.375940 -40.375940 -40.375940 -40.375940 -40.375940 -40.375940 -40.375940 -40.375940 -40.375940 -40.375940 -40.375940 -40.375940 -40.375940
-39.974937 -39.974937 -39.974937 -39.974937 -39.974937 -39.974937 -39.974937 -39.974937 -39.974937 -39.974937 -39.974937 -39.974937 -39.974937
-39.573935 -39.573935 -39.573935 -39.573935 -39.573935 -39.573935 -39.573935 -39.573935 -39.573935 -39.573935 -39.573935 -39.573935 -39.573935
-39.172932 -39.172932 -39.172932 -39.172932 -39.172932 -39.172932 -39.172932 -39.172932 -39.172932 -39.172932 -39.172932 -39.172932 -39.172932
-38.771930 -38.771930 -38.771930 -38.771930 -38.771930 -38.771930 -38.771930 -38.771930 -38.771930 -38.771930 -38.771930 -38.771930 -38.771930
-38.370927 -38.370927 -38.370927 -38.370927 -38.370927 -38.370927 -38.370927 -38.370927 -38.370927 -38.370927 -38.370927 -38.370927 -38.370927
-37.969925 -37.969925 -37.969925 -37.969925 -37.969925 -37.969925 -37.969925 -37.969925 -37.969925 -37.969925 -37.969925 -37.969925 -37.969925
-37.568922 -37.568922 -37.568922 -37.568922 -37.568922 -37.568922 -37.568922 -37.568922 -37.568922 -37.568922 -37.568922 -37.568922 -37.568922
-37.167920 -37.167920 -37.167920 -37.167920 -37.167920 -37.167920 -37.167920 -37.167920 -37.167920 -37.167920 -37.167920 -37.167920 -37.167920
-36.766917 -36.766917 -36.766917 -36.766917 -36.766917 -36.766917 -36.766917 -36.766917 -36.766917 -36.766917 -36.766917 -36.766917 -36.766917
-36.365915 -36.365915 -36.365915 -36.365915 -36.365915 -36.365915 -36.365915 -36.365915 -36.365915 -36.365915 -36.365915 -36.365915 -36.365915
-35.964912 -35.964912 -35.964912 -35.964912 -35.964912 -35.964912 -35.964912 -35.964912 -35.964912 -35.964912 -35.964912 -35.964912 -35.964912
-35.563910 -35.563910 -35.563910 -35.563910 -35.563910 -35.563910 -35.563910 -35.563910 -35.563910 -35.563910 -35.563910 -35.563910 -35.563910
-35.162907 -35.162907 -35.162907 -35.162907 -35.162907 -35.162907 -35.162907 -35.162907 -35.162907 -35.162907 -35.162907 -35.162907 -35.162907
-34.761905 -34.761905 -34.761905 -34.761905 -34.761905 -34.761905 -34.761905 -34.761905 -34.761905 -34.761905 -34.761905 -34.761905 -34.761905
-34.360902 -34.360902 -34.360902 -34.360902 -34.360902 -34.360902 -34.360902 -34.360902 -34.360902 -34.360902 -34.360902 -34.360902 -34.360902
-33.959900 -33.959900 -33.959900 -33.959900 -33.959900 -33.959900 -33.959900 -33.959900 -33.959900 -33.959900 -33.959900 -33.959900 -33.959900
-33.558897 -33.558897 -33.558897 -33.558897 -33.558897 -33.558897 -33.558897 -33.558897 -33.558897 -33.558897 -33.558897 -33.558897 -33.558897
-33.157895 -33.157895 -33.157895 -33.157895 -33.157895 -33.157895 -33.157895 -33.157895 -33.157895 -33.157895 -33.157895 -33.157895 -33.157895
-32.756892 -32.756892 -32.756892 -32.756892 -32.756892 -32.756892 -32.756892 -32.756892 -32.756892 -32.756892 -32.756892 -32.756892 -32.756892
-32.355890 -32.355890 -32.355890 -32.355890 -32.355890 -32.355890 -32.355890 -32.355890 -32.355890 -32.355890 -32.355890 -32.355890 -32.355890
-31.954887 -31.954887 -31.954887 -31.954887 -31.954887 -31.954887 -31.954887 -31.954887 -31.954887 -31.954887 -31.954887 -31.954887 -31.954887
-31.553885 -31.553885 -31.553885 -31.553885 -31.553885 -31.553885 -31.553885 -31.553885 -31.553885 -31.553885 -31.553885 -31.553885 -31.553885
-31.152882 -31.152882 -31.152882 -31.152882 -31.152882 -31.152882 -31.152882 -31.152882 -31.152882 -31.152882 -31.152882 -31.152882 -31.152882
-30.751880 -30.751880 -30.751880 -30.751880 -30.751880 -30.751880 -30.751880 -30.751880 -30.751880 -30.751880 -30.751880 -30.751880 -30.751880
-30.350877 -30.350877 -30.350877 -30.350877 -30.350877 -30.350877 -30.350877 -30.350877 -30.350877 -30.350877 -30.350877 -30.350877 -30.350877
-29.949875 -29.949875 -29.949875 -29.949875 -29.949875 -29.949875 -29.949875 -29.949875 -29.949875 -29.949875 -29.949875 -29.949875 -29.949875
-29.548872 -29.548872 -29.548872 -29.548872 -29.548872 -29.548872 -29.548872 -29.548872 -29.548872 -29.548872 -29.548872 -29.548872 -29.548872
-29.147870 -29.147870 -29.147870 -29.147870 -29.147870 -29.147870 -29.147870 -29.147870 -29.147870 -29.147870 -29.147870 -29.147870 -29.147870
-28.746867 -28.746867 -28.746867 -28.746867 -28.746867 -28.746867 -28.746867 -28.746867 -28.746867 -28.746867 -28.746867 -28.746867 -28.746867
-28.345865 -28.345865 -28.345865 -28.345865 -28.345865 -28.345865 -28.345865 -28.345865 -28.345865 -28.345865 -28.345865 -28.345865 -28.345865
-27.944862 -27.944862 -27.944862 -27.944862 -27.944862 -27.944862 -27.944862 -27.944862 -27.944862 -27.944862 -27.944862 -27.944862 -27.944862
-27.543860 -27.543860 -27.543860 -27.543860 -27.543860 -27.543860 -27.543860 -27.543860 -27.543860 -27.543860 -27.543860 -27.543860 -27.543860
-27.142857 -27.142857 -27.142857 -27.142857 -27.142857 -27.142857 -27.142857 -27.142857 -27.142857 -27.142857 -27.142857 -27.142857 -27.142857
-26.741855 -26.741855 -26.741855 -26.741855 -26.741855 -26.741855 -26.741855 -26.741855 -26.741855 -26.741855 -26.741855 -26.741855 -26.741855
-26.340852 -26.340852 -26.340852 -26.340852 -26.340852 -26.340852 -26.340852 -26.340852 -26.340852 -26.340852 -26.340852 -26.340852 -26.340852
-25.939850 -25.939850 -25.939850 -25.939850 -25.939850 -25.939850 -25.939850 -25.939850 -25.939850 -25.939850 -25.939850 -25.939850 -25.939850
-25.538847 -25.538847 -25.538847 -25.538847 -25.538847 -25.538847 -25.538847 -25.538847 -25.538847 -25.538847 -25.538847 -25.538847 -25.538847
-25.137845 -25.137845 -25.137845 -25.137845 -25.137845 -25.137845 -25.137845 -25.137845 -25.137845 -25.137845 -25.137845 -25.137845 -25.137845
-24.736842 -24.736842 -24.736842 -24.736842 -24.736842 -24.736842 -24.736842 -24.736842 -24.736842 -24.736842 -24.736842 -24.736842 -24.736842
-24.335840 -24.335840 -24.335840 -24.335840 -24.335840 -24.335840 -24.335840 -24.335840 -24.335840 -24.335840 -24.335840 -24.335840 -24.335840
-23.934837 -23.934837 -23.934837 -23.934837 -23.934837 -23.934837 -23.934837 -23.934837 -23.934837 -23.934837 -23.934837 -23.934837 -23.934837
-23.533835 -23.533835 -23.533835 -23.533835 -23.533835 -23.533835 -23.533835 -23.533835 -23.533835 -23.533835 -23.533835 -23.533835 -23.533835
-23.132832 -23.132832 -23.132832 -23.132832 -23.132832 -23.132832 -23.132832 -23.132832 -23.132832 -23.132832 -23.132832 -23.132832 -23.132832
-22.731830 -22.731830 -22.731830 -22.731830 -22.731830 -22.731830 -22.731830 -22.731830 -22.731830 -22.731830 -22.731830 -22.731830 -22.731830
-22.330827 -22.330827 -22.330827 -22.330827 -22.330827 -22.330827 -22.330827 -22.330827 -22.330827 -22.330827 -22.330827 -22.330827 -22.330827
-21.929825 -21.929825 -21.929825 -21.929825 -21.929825 -21.929825 -21.929825 -21.929825 -21.929825 -21.929825 -21.929825 -21.929825 -21.929825
-21.528822 -21.528822 -21.528822 -21.528822 -21.528822 -21.528822 -21.528822 -21.528822 -21.528822 -21.528822 -21.528822 -21.528822 -21.528822
-21.127820 -21.127820 -21.127820 -21.127820 -21.127820 -21.127820 -21.127820 -21.127820 -21.127820 -21.127820 -21.127820 -21.127820 -21.127820
-20.726817 -20.726817 -20.726817 -20.726817 -20.726817 -20.726817 -20.726817 -20.726817 -20.726817 -20.726817 -20.726817 -20.726817 -20.726817
-20.325815 -20.325815 -20.325815 -20.325815 -20.325815 -20.325815 -20.325815 -20.325815 -20.325815 -20.325815 -20.325815 -20.325815 -20.325815
-19.924812 -19.924812 -19.924812 -19.924812 -19.924812 -19.924812 -19.924812 -19.924812 -19.924812 -19.924812 -19.924812 -19.924812 -19.924812
-19.523810 -19.523810 -19.523810 -19.523810 -19.523810 -19.523810 -19.523810 -19.523810 -19.523810 -19.523810 -19.523810 -19.523810 -19.523810
-19.122807 -19.122807 -19.122807 -19.122807 -19.122807 -19.122807 -19.122807 -19.122807 -19.122807 -19.122807 -19.122807 -19.122807 -19.122807
-18.721805 -18.721805 -18.721805 -18.721805 -18.721805 -18.721805 -18.721805 -18.721805 -18.721805 -18.721805 -18.721805 -18.721805 -18.721805
-18.320802 -18.320802 -18.320802 -18.320802 -18.320802 -18.320802 -18.320802 -18.320802 -18.320802 -18.320802 -18.320802 -18.320802 -18.320802
-17.919799 -17.919799 -17.919799 -17.919799 -17.919799 -17.919799 -17.919799 -17.919799 -17.919799 -17.919799 -17.919799 -17.919799 -17.919799
-17.518797 -17.518797 -17.518797 -17.518797 -17.518797 -17.518797 -17.518797 -17.518797 -17.518797 -17.518797 -17.518797 -17.518797 -17.518797
-17.117794 -17.117794 -17.117794 -17.117794 -17.117794 -17.117794 -17.117794 -17.117794 -17.117794 -17.117794 -17.117794 -17.117794 -17.117794
-16.716792 -16.716792 -16.716792 -16.716792 -16.716792 -16.716792 -16.716792 -16.716792 -16.716792 -16.716792 -16.716792 -16.716792 -16.716792
-16.315789 -16.315789 -16.315789 -16.315789 -16.315789 -16.315789 -16.315789 -16.315789 -16.315789 -16.315789 -16.315789 -16.315789 -16.315789
-15.914787 -15.914787 -15.914787 -15.914787 -15.914787 -15.914787 -15.914787 -15.914787 -15.914787 -15.914787 -15.914787 -15.914787 -15.914787
-15.513784 -15.513784 -15.513784 -15.513784 -15.513784 -15.513784 -15.513784 -15.513784 -15.513784 -15.513784 -15.513784 -15.513784 -15.513784
-15.112782 -15.112782 -15.112782 -15.112782 -15.112782 -15.112782 -15.112782 -15.112782 -15.112782 -15.112782 -15.112782 -15.112782 -15.112782
-14.711779 -14.711779 -14.711779 -14.711779 -14.711779 -14.711779 -14.711779 -14.711779 -14.711779 -14.711779 -14.711779 -14.711779 -14.711779
-14.310777 -14.310777 -14.310777 -14.310777 -14.310777 -14.310777 -14.310777 -14.310777 -14.310777 -14.310777 -14.310777 -14.310777 -14.310777
-13.909774 -13.909774 -13.909774 -13.909774 -13.909774 -13.909774 -13.909774 -13.909774 -13.909774 -13.909774 -13.909774 -13.909774 -13.909774
-13.508772 -13.508772 -13.508772 -13.508772 -13.508772 -13.508772 -13.508772 -13.508772 -13.508772 -13.508772 -13.508772 -13.508772 -13.508772
-13.107769 -13.107769 -13.107769 -13.107769 -13.107769 -13.107769 -13.107769 -13.107769 -13.107769 -13.107769 -13.107769 -13.107769 -13.107769
-12.706767 -12.706767 -12.706767 -12.706767 -12.706767 -12.706767 -12.706767 -12.706767 -12.706767 -12.706767 -12.706767 -12.706767 -12.706767
-12.305764 -12.305764 -12.305764 -12.305764 -12.305764 -12.305764 -12.305764 -12.305764 -12.305764 -12.305764 -12.305764 -12.305764 -12.305764
-11.904762 -11.904762 -11.904762 -11.904762 -11.904762 -11.904762 -11.904762 -11.904762 -11.904762 -11.904762 -11.904762 -11.904762 -11.904762
-11.503759 -11.503759 -11.503759 -11.503759 -11.503759 -11.503759 -11.503759 -11.503759 -11.503759 -11.503759 -11.503759 -11.503759 -11.503759
-11.102757 -11.102757 -11.102757 -11.102757 -11.102757 -11.102757 -11.102757 -11.102757 -11.102757 -11.102757 -11.102757 -11.102757 -11.102757
-10.701754 -10.701754 -10.701754 -10.701754 -10.701754 -10.701754 -10.701754 -10.701754 -10.701754 -10.701754 -10.701754 -10.701754 -10.701754
-10.300752 -10.300752 -10.300752 -10.300752 -10.300752 -10.300752 -10.300752 -10.300752 -10.300752 -10.300752 -10.300752 -10.300752 -10.300752
-9.899749 -9.899749 -9.899749 -9.899749 -9.899749 -9.899749 -9.899749 -9.899749 -9.899749 -9.899749 -9.899749 -9.899749 -9.899749
-9.498747 -9.498747 -9.498747 -9.498747 -9.498747 -9.498747 -9.498747 -9.498747 -9.498747 -9.498747 -9.498747 -9.498747 -9.498747
-9.097744 -9.097744 -9.097744 -9.097744 -9.097744 -9.097744 -9.097744 -9.097744 -9.097744 -9.097744 -9.097744 -9.097744 -9.097744
-8.696742 -8.696742 -8.696742 -8.696742 -8.696742 -8.696742 -8.696742 -8.696742 -8.696742 -8.696742 -8.696742 -8.696742 -8.696742
-8.295739 -8.295739 -8.295739 -8.295739 -8.295739 -8.295739 -8.295739 -8.295739 -8.295739 -8.295739 -8.295739 -8.295739 -8.295739
-7.894737 -7.894737 -7.894737 -7.894737 -7.894737 -7.894737 -7.894737 -7.894737 -7.894737 -7.894737 -7.894737 -7.894737 -7.894737
-7.493734 -7.493734 -7.493734 -7.493734 -7.493734 -7.493734 -7.493734 -7.493734 -7.493734 -7.493734 -7.493734 -7.493734 -7.493734
-7.092732 -7.092732 -7.092732 -7.092732 -7.092732 -7.092732 -7.092732 -7.092732 -7.092732 -7.092732 -7.092732 -7.092732 -7.092732
-6.691729 -6.691729 -6.691729 -6.691729 -6.691729 -6.691729 -6.691729 -6.691729 -6.691729 -6.691729 -6.691729 -6.691729 -6.691729
-6.290727 -6.290727 -6.290727 -6.290727 -6.290727 -6.290727 -6.290727 -6.290727 -6.290727 -6.290727 -6.290727 -6.290727 -6.290727
-5.889724 -5.889724 -5.889724 -5.889724 -5.889724 -5.889724 -5.889724 -5.889724 -5.889724 -5.889724 -5.889724 -5.889724 -5.889724
-5.488722 -5.488722 -5.488722 -5.488722 -5.488722 -5.488722 -5.488722 -5.488722 -5.488722 -5.488722 -5.488722 -5.488722 -5.488722
-5.087719 -5.087719 -5.087719 -5.087719 -5.087719 -5.087719 -5.087719 -5.087719 -5.087719 -5.087719 -5.087719 -5.087719 -5.087719
-4.686717 -4.686717 -4.686717 -4.686717 -4.686717 -4.686717 -4.686717 -4.686717 -4.686717 -4.686717 -4.686717 -4.686717 -4.686717
-4.285714 -4.285714 -4.285714 -4.285714 -4.285714 -4.285714 -4.285714 -4.285714 -4.285714 -4.285714 -4.285714 -4.285714 -4.285714
-3.884712 -3.884712 -3.884712 -3.884712 -3.884712 -3.884712 -3.884712 -3.884712 -3.884712 -3.884712 -3.884712 -3.884712 -3.884712
-3.483709 -3.483709 -3.483709 -3.483709 -3.483709 -3.483709 -3.483709 -3.483709 -3.483709 -3.483709 -3.483709 -3.483709 -3.483709
-3.082707 -3.082707 -3.082707 -3.082707 -3.082707 -3.082707 -3.082707 -3.082707 -3.082707 -3.082707 -3.082707 -3.082707 -3.082707
-2.681704 -2.681704 -2.681704 -2.681704 -2.681704 -2.681704 -2.681704 -2.681704 -2.681704 -2.681704 -2.681704 -2.681704 -2.681704
-2.280702 -2.280702 -2.280702 -2.280702 -2.280702 -2.280702 -2.280702 -2.280702 -2.280702 -2.280702 -2.280702 -2.280702 -2.280702
-1.879699 -1.879699 -1.879699 -1.879699 -1.879699 -1.879699 -1.879699 -1.879699 -1.879699 -1.879699 -1.879699 -1.879699 -1.879699
-1.478697 -1.478697 -1.478697 -1.478697 -1.478697 -1.478697 -1.478697 -1.478697 -1.478697 -1.478697 -1.478697 -1.478697 -1.478697
-1.077694 -1.077694 -1.077694 -1.077694 -1.077694 -1.077694 -1.077694 -1.077694 -1.077694 -1.077694 -1.077694 -1.077694 -1.077694
-0.676692 -0.676692 -0.676692 -0.676692 -0.676692 -0.676692 -0.676692 -0.676692 -0.676692 -0.676692 -0.676692 -0.676692 -0.676692
-0.275689 -0.275689 -0.275689 -0.275689 -0.275689 -0.275689 -0.275689 -0.275689 -0.275689 -0.275689 -0.275689 -0.275689 -0.275689
0.125313 0.125313 0.125313 0.125313 0.125313 0.125313 0.125313 0.125313 0.125313 0.125313 0.125313 0.125313 0.125313
0.526316 0.526316 0.526316 0.526316 0.526316 0.526316 0.526316 0.526316 0.526316 0.526316 0.526316 0.526316 0.526316
0.927318 0.927318 0.927318 0.927318 0.927318 0.927318 0.927318 0.927318 0.927318 0.927318 0.927318 0.927318 0.927318
1.328321 1.328321 1.328321 1.328321 1.328321 1.328321 1.328321 1.328321 1.328321 1.328321 1.328321 1.328321 1.328321
1.729323 1.729323 1.729323 1.729323 1.729323 1.729323 1.729323 1.729323 1.729323 1.729323 1.729323 1.729323 1.729323
2.130326 2.130326 2.130326 2.130326 2.130326 2.130326 2.130326 2.130326 2.130326 2.130326 2.130326 2.130326 2.130326
2.531328 2.531328 2.531328 2.531328 2.531328 2.531328 2.531328 2.531328 2.531328 2.531328 2.531328 2.531328 2.531328
2.932331 2.932331 2.932331 2.932331 2.932331 2.932331 2.932331 2.932331 2.932331 2.932331 2.932331 2.932331 2.932331
3.333333 3.333333 3.333333 3.333333 3.333333 3.333333 3.333333 3.333333 3.333333 3.333333 3.333333 3.333333 3.333333
3.734336 3.734336 3.734336 3.734336 3.734336 3.734336 3.734336 3.734336 3.734336 3.734336 3.734336 3.734336 3.734336
4.135338 4.135338 4.135338 4.135338 4.135338 4.135338 4.135338 4.135338 4.135338 4.135338 4.135338 4.135338 4.135338
4.536341 4.536341 4.536341 4.536341 4.536341 4.536341 4.536341 4.536341 4.536341 4.536341 4.536341 4.536341 4.536341
4.937343 4.937343 4.937343 4.937343 4.937343 4.937343 4.937343 4.937343 4.937343 4.937343 4.937343 4.937343 4.937343
5.338346 5.338346 5.338346 5.338346 5.338346 5.338346 5.338346 5.338346 5.338346 5.338346 5.338346 5.338346 5.338346
5.739348 5.739348 5.739348 5.739348 5.739348 5.739348 5.739348 5.739348 5.739348 5.739348 5.739348 5.739348 5.739348
6.140351 6.140351 6.140351 6.140351 6.140351 6.140351 6.140351 6.140351 6.140351 6.140351 6.140351 6.140351 6.140351
6.541353 6.541353 6.541353 6.541353 6.541353 6.541353 6.541353 6.541353 6.541353 6.541353 6.541353 6.541353 6.541353
6.942356 6.942356 6.942356 6.942356 6.942356 6.942356 6.942356 6.942356 6.942356 6.942356 6.942356 6.942356 6.942356
7.343358 7.343358 7.343358 7.343358 7.343358 7.343358 7.343358 7.343358 7.343358 7.343358 7.343358 7.343358 7.343358
7.744361 7.744361 7.744361 7.744361 7.744361 7.744361 7.744361 7.744361 7.744361 7.744361 7.744361 7.744361 7.744361
8.145363 8.145363 8.145363 8.145363 8.145363 8.145363 8.145363 8.145363 8.145363 8.145363 8.145363 8.145363 8.145363
8.546366 8.546366 8.546366 8.546366 8.546366 8.546366 8.546366 8.546366 8.546366 8.546366 8.546366 8.546366 8.546366
8.947368 8.947368 8.947368 8.947368 8.947368 8.947368 8.947368 8.947368 8.947368 8.947368 8.947368 8.947368 8.947368
9.348371 9.348371 9.348371 9.348371 9.348371 9.348371 9.348371 9.348371 9.348371 9.348371 9.348371 9.348371 9.348371
9.749373 9.749373 9.749373 9.749373 9.749373 9.749373 9.749373 9.749373 9.749373 9.749373 9.749373 9.749373 9.749373
10.150376 10.150376 10.150376 10.150376 10.150376 10.150376 10.150376 10.150376 10.150376 10.150376 10.150376 10.150376 10.150376
10.551378 10.551378 10.551378 10.551378 10.551378 10.551378 10.551378 10.551378 10.551378 10.551378 10.551378 10.551378 10.551378
10.952381 10.952381 10.952381 10.952381 10.952381 10.952381 10.952381 10.952381 10.952381 10.952381 10.952381 10.952381 10.952381
11.353383 11.353383 11.353383 11.353383 11.353383 11.353383 11.353383 11.353383 11.353383 11.353383 11.353383 11.353383 11.353383
11.754386 11.754386 11.754386 11.754386 11.754386 11.754386 11.754386 11.754386 11.754386 11.754386 11.754386 11.754386 11.754386
12.155388 12.155388 12.155388 12.155388 12.155388 12.155388 12.155388 12.155388 12.155388 12.155388 12.155388 12.155388 12.155388
12.556391 12.556391 12.556391 12.556391 12.556391 12.556391 12.556391 12.556391 12.556391 12.556391 12.556391 12.556391 12.556391
12.957393 12.957393 12.957393 12.957393 12.957393 12.957393 12.957393 12.957393 12.957393 12.957393 12.957393 12.957393 12.957393
13.358396 13.358396 13.358396 13.358396 13.358396 13.358396 13.358396 13.358396 13.358396 13.358396 13.358396 13.358396 13.358396
13.759398 13.759398 13.759398 13.759398 13.759398 13.759398 13.759398 13.759398 13.759398 13.759398 13.759398 13.759398 13.759398
14.160401 14.160401 14.160401 14.160401 14.160401 14.160401 14.160401 14.160401 14.160401 14.160401 14.160401 14.160401 14.160401
14.561404 14.561404 14.561404 14.561404 14.561404 14.561404 14.561404 14.561404 14.561404 14.561404 14.561404 14.561404 14.561404
14.962406 14.962406 14.962406 14.962406 14.962406 14.962406 14.962406 14.962406 14.962406 14.962406 14.962406 14.962406 14.962406
15.363409 15.363409 15.363409 15.363409 15.363409 15.363409 15.363409 15.363409 15.363409 15.363409 15.363409 15.363409 15.363409
15.764411 15.764411 15.764411 15.764411 15.764411 15.764411 15.764411 15.764411 15.764411 15.764411 15.764411 15.764411 15.764411
16.165414 16.165414 16.165414 16.165414 16.165414 16.165414 16.165414 16.165414 16.165414 16.165414 16.165414 16.165414 16.165414
16.566416 16.566416 16.566416 16.566416 16.566416 16.566416 16.566416 16.566416 16.566416 16.566416 16.566416 16.566416 16.566416
16.967419 16.967419 16.967419 16.967419 16.967419 16.967419 16.967419 16.967419 16.967419 16.967419 16.967419 16.967419 16.967419
17.368421 17.368421 17.368421 17.368421 17.368421 17.368421 17.368421 17.368421 17.368421 17.368421 17.368421 17.368421 17.368421
17.769424 17.769424 17.769424 17.769424 17.769424 17.769424 17.769424 17.769424 17.769424 17.769424 17.769424 17.769424 17.769424
18.170426 18.170426 18.170426 18.170426 18.170426 18.170426 18.170426 18.170426 18.170426 18.170426 18.170426 18.170426 18.170426
18.571429 18.571429 18.571429 18.571429 18.571429 18.571429 18.571429 18.571429 18.571429 18.571429 18.571429 18.571429 18.571429
18.972431 18.972431 18.972431 18.972431 18.972431 18.972431 18.972431 18.972431 18.972431 18.972431 18.972431 18.972431 18.972431
19.373434 19.373434 19.373434 19.373434 19.373434 19.373434 19.373434 19.373434 19.373434 19.373434 19.373434 19.373434 19.373434
19.774436 19.774436 19.774436 19.774436 19.774436 19.774436 19.774436 19.774436 19.774436 19.774436 19.774436 19.774436 19.774436
20.175439 20.175439 20.175439 20.175439 20.175439 20.175439 20.175439 20.175439 20.175439 20.175439 20.175439 20.175439 20.175439
20.576441 20.576441 20.576441 20.576441 20.576441 20.576441 20.576441 20.576441 20.576441 20.576441 20.576441 20.576441 20.576441
20.977444 20.977444 20.977444 20.977444 20.977444 20.977444 20.977444 20.977444 20.977444 20.977444 20.977444 20.977444 20.977444
21.378446 21.378446 21.378446 21.378446 21.378446 21.378446 21.378446 21.378446 21.378446 21.378446 21.378446 21.378446 21.378446
21.779449 21.779449 21.779449 21.779449 21.779449 21.779449 21.779449 21.779449 21.779449 21.779449 21.779449 21.779449 21.779449
22.180451 22.180451 22.180451 22.180451 22.180451 22.180451 22.180451 22.180451 22.180451 22.180451 22.180451 22.180451 22.180451
22.581454 22.581454 22.581454 22.581454 22.581454 22.581454 22.581454 22.581454 22.581454 22.581454 22.581454 22.581454 22.581454
22.982456 22.982456 22.982456 22.982456 22.982456 22.982456 22.982456 22.982456 22.982456 22.982456 22.982456 22.982456 22.982456
23.383459 23.383459 23.383459 23.383459 23.383459 23.383459 23.383459 23.383459 23.383459 23.383459 23.383459 23.383459 23.383459
23.784461 23.784461 23.784461 23.784461 23.784461 23.784461 23.784461 23.784461 23.784461 23.784461 23.784461 23.784461 23.784461
24.185464 24.185464 24.185464 24.185464 24.185464 24.185464 24.185464 24.185464 24.185464 24.185464 24.185464 24.185464 24.185464
24.586466 24.586466 24.586466 24.586466 24.586466 24.586466 24.586466 24.586466 24.586466 24.586466 24.586466 24.586466 24.586466
24.987469 24.987469 24.987469 24.987469 24.987469 24.987469 24.987469 24.987469 24.987469 24.987469 24.987469 24.987469 24.987469
25.388471 25.388471 25.388471 25.388471 25.388471 25.388471 25.388471 25.388471 25.388471 25.388471 25.388471 25.388471 25.388471
25.789474 25.789474 25.789474 25.789474 25.789474 25.789474 25.789474 25.789474 25.789474 25.789474 25.789474 25.789474 25.789474
26.190476 26.190476 26.190476 26.190476 26.190476 26.190476 26.190476 26.190476 26.190476 26.190476 26.190476 26.190476 26.190476
26.591479 26.591479 26.591479 26.591479 26.591479 26.591479 26.591479 26.591479 26.591479 26.591479 26.591479 26.591479 26.591479
26.992481 26.992481 26.992481 26.992481 26.992481 26.992481 26.992481 26.992481 26.992481 26.992481 26.992481 26.992481 26.992481
27.393484 27.393484 27.393484 27.393484 27.393484 27.393484 27.393484 27.393484 27.393484 27.393484 27.393484 27.393484 27.393484
27.794486 27.794486 27.794486 27.794486 27.794486 27.794486 27.794486 27.794486 27.794486 27.794486 27.794486 27.794486 27.794486
28.195489 28.195489 28.195489 28.195489 28.195489 28.195489 28.195489 28.195489 28.195489 28.195489 28.195489 28.195489 28.195489
28.596491 28.596491 28.596491 28.596491 28.596491 28.596491 28.596491 28.596491 28.596491 28.596491 28.596491 28.596491 28.596491
28.997494 28.997494 28.997494 28.997494 28.997494 28.997494 28.997494 28.997494 28.997494 28.997494 28.997494 28.997494 28.997494
29.398496 29.398496 29.398496 29.398496 29.398496 29.398496 29.398496 29.398496 29.398496 29.398496 29.398496 29.398496 29.398496
29.799499 29.799499 29.799499 29.799499 29.799499 29.799499 29.799499 29.799499 29.799499 29.799499 29.799499 29.799499 29.799499
30.200501 30.200501 30.200501 30.200501 30.200501 30.200501 30.200501 30.200501 30.200501 30.200501 30.200501 30.200501 30.200501
30.601504 30.601504 30.601504 30.601504 30.601504 30.601504 30.601504 30.601504 30.601504 30.601504 30.601504 30.601504 30.601504
31.002506 31.002506 31.002506 31.002506 31.002506 31.002506 31.002506 31.002506 31.002506 31.002506 31.002506 31.002506 31.002506
31.403509 31.403509 31.403509 31.403509 31.403509 31.403509 31.403509 31.403509 31.403509 31.403509 31.403509 31.403509 31.403509
31.804511 31.804511 31.804511 31.804511 31.804511 31.804511 31.804511 31.804511 31.804511 31.804511 31.804511 31.804511 31.804511
32.205514 32.205514 32.205514 32.205514 32.205514 32.205514 32.205514 32.205514 32.205514 32.205514 32.205514 32.205514 32.205514
32.606516 32.606516 32.606516 32.606516 32.606516 32.606516 32.606516 32.606516 32.606516 32.606516 32.606516 32.606516 32.606516
33.007519 33.007519 33.007519 33.007519 33.007519 33.007519 33.007519 33.007519 33.007519 33.007519 33.007519 33.007519 33.007519
33.408521 33.408521 33.408521 33.408521 33.408521 33.408521 33.408521 33.408521 33.408521 33.408521 33.408521 33.408521 33.408521
33.809524 33.809524 33.809524 33.809524 33.809524 33.809524 33.809524 33.809524 33.809524 33.809524 33.809524 33.809524 33.809524
34.210526 34.210526 34.210526 34.210526 34.210526 34.210526 34.210526 34.210526 34.210526 34.210526 34.210526 34.210526 34.210526
34.611529 34.611529 34.611529 34.611529 34.611529 34.611529 34.611529 34.611529 34.611529 34.611529 34.611529 34.611529 34.611529
35.012531 35.012531 35.012531 35.012531 35.012531 35.012531 35.012531 35.012531 35.012531 35.012531 35.012531 35.012531 35.012531
35.413534 35.413534 35.413534 35.413534 35.413534 35.413534 35.413534 35.413534 35.413534 35.413534 35.413534 35.413534 35.413534
35.814536 35.814536 35.814536 35.814536 35.814536 35.814536 35.814536 35.814536 35.814536 35.814536 35.814536 35.814536 35.814536
36.215539 36.215539 36.215539 36.215539 36.215539 36.215539 36.215539 36.215539 36.215539 36.215539 36.215539 36.215539 36.215539
36.616541 36.616541 36.616541 36.616541 36.616541 36.616541 36.616541 36.616541 36.616541 36.616541 36.616541 36.616541 36.616541
37.017544 37.017544 37.017544 37.017544 37.017544 37.017544 37.017544 37.017544 37.017544 37.017544 37.017544 37.017544 37.017544
37.418546 37.418546 37.418546 37.418546 37.418546 37.418546 37.418546 37.418546 37.418546 37.418546 37.418546 37.418546 37.418546
37.819549 37.819549 37.819549 37.819549 37.819549 37.819549 37.819549 37.819549 37.819549 37.819549 37.819549 37.819549 37.819549
38.220551 38.220551 38.220551 38.220551 38.220551 38.220551 38.220551 38.220551 38.220551 38.220551 38.220551 38.220551 38.220551
38.621554 38.621554 38.621554 38.621554 38.621554 38.621554 38.621554 38.621554 38.621554 38.621554 38.621554 38.621554 38.621554
39.022556 39.022556 39.022556 39.022556 39.022556 39.022556 39.022556 39.022556 39.022556 39.022556 39.022556 39.022556 39.022556
39.423559 39.423559 39.423559 39.423559 39.423559 39.423559 39.423559 39.423559 39.423559 39.423559 39.423559 39.423559 39.423559
39.824561 39.824561 39.824561 39.824561 39.824561 39.824561 39.824561 39.824561 39.824561 39.824561 39.824561 39.824561 39.824561
40.225564 40.225564 40.225564 40.225564 40.225564 40.225564 40.225564 40.225564 40.225564 40.225564 40.225564 40.225564 40.225564
40.626566 40.626566 40.626566 40.626566 40.626566 40.626566 40.626566 40.626566 40.626566 40.626566 40.626566 40.626566 40.626566
41.027569 41.027569 41.027569 41.027569 41.027569 41.027569 41.027569 41.027569 41.027569 41.027569 41.027569 41.027569 41.027569
41.428571 41.428571 41.428571 41.428571 41.428571 41.428571 41.428571 41.428571 41.428571 41.428571 41.428571 41.428571 41.428571
41.829574 41.829574 41.829574 41.829574 41.829574 41.829574 41.829574 41.829574 41.829574 41.829574 41.829574 41.829574 41.829574
42.230576 42.230576 42.230576 42.230576 42.230576 42.230576 42.230576 42.230576 42.230576 42.230576 42.230576 42.230576 42.230576
42.631579 42.631579 42.631579 42.631579 42.631579 42.631579 42.631579 42.631579 42.631579 42.631579 42.631579 42.631579 42.631579
43.032581 43.032581 43.032581 43.032581 43.032581 43.032581 43.032581 43.032581 43.032581 43.032581 43.032581 43.032581 43.032581
43.433584 43.433584 43.433584 43.433584 43.433584 43.433584 43.433584 43.433584 43.433584 43.433584 43.433584 43.433584 43.433584
43.834586 43.834586 43.834586 43.834586 43.834586 43.834586 43.834586 43.834586 43.834586 43.834586 43.834586 43.834586 43.834586
44.235589 44.235589 44.235589 44.235589 44.235589 44.235589 44.235589 44.235589 44.235589 44.235589 44.235589 44.235589 44.235589
44.636591 44.636591 44.636591 44.636591 44.636591 44.636591 44.636591 44.636591 44.636591 44.636591 44.636591 44.636591 44.636591
45.037594 45.037594 45.037594 45.037594 45.037594 45.037594 45.037594 45.037594 45.037594 45.037594 45.037594 45.037594 45.037594
45.438596 45.438596 45.438596 45.438596 45.438596 45.438596 45.438596 45.438596 45.438596 45.438596 45.438596 45.438596 45.438596
45.839599 45.839599 45.839599 45.839599 45.839599 45.839599 45.839599 45.839599 45.839599 45.839599 45.839599 45.839599 45.839599
46.240602 46.240602 46.240602 46.240602 46.240602 46.240602 46.240602 46.240602 46.240602 46.240602 46.240602 46.240602 46.240602
46.641604 46.641604 46.641604 46.641604 46.641604 46.641604 46.641604 46.641604 46.641604 46.641604 46.641604 46.641604 46.641604
47.042607 47.042607 47.042607 47.042607 47.042607 47.042607 47.042607 47.042607 47.042607 47.042607 47.042607 47.042607 47.042607
47.443609 47.443609 47.443609 47.443609 47.443609 47.443609 47.443609 47.443609 47.443609 47.443609 47.443609 47.443609 47.443609
47.844612 47.844612 47.844612 47.844612 47.844612 47.844612 47.844612 47.844612 47.844612 47.844612 47.844612 47.844612 47.844612
48.245614 48.245614 48.245614 48.245614 48.245614 48.245614 48.245614 48.245614 48.245614 48.245614 48.245614 48.245614 48.245614
48.646617 48.646617 48.646617 48.646617 48.646617 48.646617 48.646617 48.646617 48.646617 48.646617 48.646617 48.646617 48.646617
49.047619 49.047619 49.047619 49.047619 49.047619 49.047619 49.047619 49.047619 49.047619 49.047619 49.047619 49.047619 49.047619
49.448622 49.448622 49.448622 49.448622 49.448622 49.448622 49.448622 49.448622 49.448622 49.448622 49.448622 49.448622 49.448622
49.849624 49.849624 49.849624 49.849624 49.849624 49.849624 49.849624 49.849624 49.849624 49.849624 49.849624 49.849624 49.849624
50.250627 50.250627 50.250627 50.250627 50.250627 50.250627 50.250627 50.250627 50.250627 50.250627 50.250627 50.250627 50.250627
50.651629 50.651629 50.651629 50.651629 50.651629 50.651629 50.651629 50.651629 50.651629 50.651629 50.651629 50.651629 50.651629
51.052632 51.052632 51.052632 51.052632 51.052632 51.052632 51.052632 51.052632 51.052632 51.052632 51.052632 51.052632 51.052632
51.453634 51.453634 51.453634 51.453634 51.453634 51.453634 51.453634 51.453634 51.453634 51.453634 51.453634 51.453634 51.453634
51.854637 51.854637 51.854637 51.854637 51.854637 51.854637 51.854637 51.854637 51.854637 51.854637 51.854637 51.854637 51.854637
52.255639 52.255639 52.255639 52.255639 52.255639 52.255639 52.255639 52.255639 52.255639 52.255639 52.255639 52.255639 52.255639
52.656642 52.656642 52.656642 52.656642 52.656642 52.656642 52.656642 52.656642 52.656642 52.656642 52.656642 52.656642 52.656642
53.057644 53.057644 53.057644 53.057644 53.057644 53.057644 53.057644 53.057644 53.057644 53.057644 53.057644 53.057644 53.057644
53.458647 53.458647 53.458647 53.458647 53.458647 53.458647 53.458647 53.458647 53.458647 53.458647 53.458647 53.458647 53.458647
53.859649 53.859649 53.859649 53.859649 53.859649 53.859649 53.859649 53.859649 53.859649 53.859649 53.859649 53.859649 53.859649
54.260652 54.260652 54.260652 54.260652 54.260652 54.260652 54.260652 54.260652 54.260652 54.260652 54.260652 54.260652 54.260652
54.661654 54.661654 54.661654 54.661654 54.661654 54.661654 54.661654 54.661654 54.661654 54.661654 54.661654 54.661654 54.661654
55.062657 55.062657 55.062657 55.062657 55.062657 55.062657 55.062657 55.062657 55.062657 55.062657 55.062657 55.062657 55.062657
55.463659 55.463659 55.463659 55.463659 55.463659 55.463659 55.463659 55.463659 55.463659 55.463659 55.463659 55.463659 55.463659
55.864662 55.864662 55.864662 55.864662 55.864662 55.864662 55.864662 55.864662 55.864662 55.864662 55.864662 55.864662 55.864662
56.265664 56.265664 56.265664 56.265664 56.265664 56.265664 56.265664 56.265664 56.265664 56.265664 56.265664 56.265664 56.265664
56.666667 56.666667 56.666667 56.666667 56.666667 56.666667 56.666667 56.666667 56.666667 56.666667 56.666667 56.666667 56.666667
57.067669 57.067669 57.067669 57.067669 57.067669 57.067669 57.067669 57.067669 57.067669 57.067669 57.067669 57.067669 57.067669
57.468672 57.468672 57.468672 57.468672 57.468672 57.468672 57.468672 57.468672 57.468672 57.468672 57.468672 57.468672 57.468672
57.869674 57.869674 57.869674 57.869674 57.869674 57.869674 57.869674 57.869674 57.869674 57.869674 57.869674 57.869674 57.869674
58.270677 58.270677 58.270677 58.270677 58.270677 58.270677 58.270677 58.270677 58.270677 58.270677 58.270677 58.270677 58.270677
58.671679 58.671679 58.671679 58.671679 58.671679 58.671679 58.671679 58.671679 58.671679 58.671679 58.671679 58.671679 58.671679
59.072682 59.072682 59.072682 59.072682 59.072682 59.072682 59.072682 59.072682 59.072682 59.072682 59.072682 59.072682 59.072682
59.473684 59.473684 59.473684 59.473684 59.473684 59.473684 59.473684 59.473684 59.473684 59.473684 59.473684 59.473684 59.473684
59.874687 59.874687 59.874687 59.874687 59.874687 59.874687 59.874687 59.874687 59.874687 59.874687 59.874687 59.874687 59.874687
60.275689 60.275689 60.275689 60.275689 60.275689 60.275689 60.275689 60.275689 60.275689 60.275689 60.275689 60.275689 60.275689
60.676692 60.676692 60.676692 60.676692 60.676692 60.676692 60.676692 60.676692 60.676692 60.676692 60.676692 60.676692 60.676692
61.077694 61.077694 61.077694 61.077694 61.077694 61.077694 61.077694 61.077694 61.077694 61.077694 61.077694 61.077694 61.077694
61.478697 61.478697 61.478697 61.478697 61.478697 61.478697 61.478697 61.478697 61.478697 61.478697 61.478697 61.478697 61.478697
61.879699 61.879699 61.879699 61.879699 61.879699 61.879699 61.879699 61.879699 61.879699 61.879699 61.879699 61.879699 61.879699
62.280702 62.280702 62.280702 62.280702 62.280702 62.280702 62.280702 62.280702 62.280702 62.280702 62.280702 62.280702 62.280702
62.681704 62.681704 62.681704 62.681704 62.681704 62.681704 62.681704 62.681704 62.681704 62.681704 62.681704 62.681704 62.681704
63.082707 63.082707 63.082707 63.082707 63.082707 63.082707 63.082707 63.082707 63.082707 63.082707 63.082707 63.082707 63.082707
63.483709 63.483709 63.483709 63.483709 63.483709 63.483709 63.483709 63.483709 63.483709 63.483709 63.483709 63.483709 63.483709
63.884712 63.884712 63.884712 63.884712 63.884712 63.884712 63.884712 63.884712 63.884712 63.884712 63.884712 63.884712 63.884712
64.285714 64.285714 64.285714 64.285714 64.285714 64.285714 64.285714 64.285714 64.285714 64.285714 64.285714 64.285714 64.285714
64.686717 64.686717 64.686717 64.686717 64.686717 64.686717 64.686717 64.686717 64.686717 64.686717 64.686717 64.686717 64.686717
65.087719 65.087719 65.087719 65.087719 65.087719 65.087719 65.087719 65.087719 65.087719 65.087719 65.087719 65.087719 65.087719
65.488722 65.488722 65.488722 65.488722 65.488722 65.488722 65.488722 65.488722 65.488722 65.488722 65.488722 65.488722 65.488722
65.889724 65.889724 65.889724 65.889724 65.889724 65.889724 65.889724 65.889724 65.889724 65.889724 65.889724 65.889724 65.889724
66.290727 66.290727 66.290727 66.290727 66.290727 66.290727 66.290727 66.290727 66.290727 66.290727 66.290727 66.290727 66.290727
66.691729 66.691729 66.691729 66.691729 66.691729 66.691729 66.691729 66.691729 66.691729 66.691729 66.691729 66.691729 66.691729
67.092732 67.092732 67.092732 67.092732 67.092732 67.092732 67.092732 67.092732 67.092732 67.092732 67.092732 67.092732 67.092732
67.493734 67.493734 67.493734 67.493734 67.493734 67.493734 67.493734 67.493734 67.493734 67.493734 67.493734 67.493734 67.493734
67.894737 67.894737 67.894737 67.894737 67.894737 67.894737 67.894737 67.894737 67.894737 67.894737 67.894737 67.894737 67.894737
68.295739 68.295739 68.295739 68.295739 68.295739 68.295739 68.295739 68.295739 68.295739 68.295739 68.295739 68.295739 68.295739
68.696742 68.696742 68.696742 68.696742 68.696742 68.696742 68.696742 68.696742 68.696742 68.696742 68.696742 68.696742 68.696742
69.097744 69.097744 69.097744 69.097744 69.097744 69.097744 69.097744 69.097744 69.097744 69.097744 69.097744 69.097744 69.097744
69.498747 69.498747 69.498747 69.498747 69.498747 69.498747 69.498747 69.498747 69.498747 69.498747 69.498747 69.498747 69.498747
69.899749 69.899749 69.899749 69.899749 69.899749 69.899749 69.899749 69.899749 69.899749 69.899749 69.899749 69.899749 69.899749
70.300752 70.300752 70.300752 70.300752 70.300752 70.300752 70.300752 70.300752 70.300752 70.300752 70.300752 70.300752 70.300752
70.701754 70.701754 70.701754 70.701754 70.701754 70.701754 70.701754 70.701754 70.701754 70.701754 70.701754 70.701754 70.701754
71.102757 71.102757 71.102757 71.102757 71.102757 71.102757 71.102757 71.102757 71.102757 71.102757 71.102757 71.102757 71.102757
71.503759 71.503759 71.503759 71.503759 71.503759 71.503759 71.503759 71.503759 71.503759 71.503759 71.503759 71.503759 71.503759
71.904762 71.904762 71.904762 71.904762 71.904762 71.904762 71.904762 71.904762 71.904762 71.904762 71.904762 71.904762 71.904762
72.305764 72.305764 72.305764 72.305764 72.305764 72.305764 72.305764 72.305764 72.305764 72.305764 72.305764 72.305764 72.305764
72.706767 72.706767 72.706767 72.706767 72.706767 72.706767 72.706767 72.706767 72.706767 72.706767 72.706767 72.706767 72.706767
73.107769 73.107769 73.107769 73.107769 73.107769 73.107769 73.107769 73.107769 73.107769 73.107769 73.107769 73.107769 73.107769
73.508772 73.508772 73.508772 73.508772 73.508772 73.508772 73.508772 73.508772 73.508772 73.508772 73.508772 73.508772 73.508772
73.909774 73.909774 73.909774 73.909774 73.909774 73.909774 73.909774 73.909774 73.909774 73.909774 73.909774 73.909774 73.909774
74.310777 74.310777 74.310777 74.310777 74.310777 74.310777 74.310777 74.310777 74.310777 74.310777 74.310777 74.310777 74.310777
74.711779 74.711779 74.711779 74.711779 74.711779 74.711779 74.711779 74.711779 74.711779 74.711779 74.711779 74.711779 74.711779
75.112782 75.112782 75.112782 75.112782 75.112782 75.112782 75.112782 75.112782 75.112782 75.112782 75.112782 75.112782 75.112782
75.513784 75.513784 75.513784 75.513784 75.513784 75.513784 75.513784 75.513784 75.513784 75.513784 75.513784 75.513784 75.513784
75.914787 75.914787 75.914787 75.914787 75.914787 75.914787 75.914787 75.914787 75.914787 75.914787 75.914787 75.914787 75.914787
76.315789 76.315789 76.315789 76.315789 76.315789 76.315789 76.315789 76.315789 76.315789 76.315789 76.315789 76.315789 76.315789
76.716792 76.716792 76.716792 76.716792 76.716792 76.716792 76.716792 76.716792 76.716792 76.716792 76.716792 76.716792 76.716792
77.117794 77.117794 77.117794 77.117794 77.117794 77.117794 77.117794 77.117794 77.117794 77.117794 77.117794 77.117794 77.117794
77.518797 77.518797 77.518797 77.518797 77.518797 77.518797 77.518797 77.518797 77.518797 77.518797 77.518797 77.518797 77.518797
77.919799 77.919799 77.919799 77.919799 77.919799 77.919799 77.919799 77.919799 77.919799 77.919799 77.919799 77.919799 77.919799
78.320802 78.320802 78.320802 78.320802 78.320802 78.320802 78.320802 78.320802 78.320802 78.320802 78.320802 78.320802 78.320802
78.721805 78.721805 78.721805 78.721805 78.721805 78.721805 78.721805 78.721805 78.721805 78.721805 78.721805 78.721805 78.721805
79.122807 79.122807 79.122807 79.122807 79.122807 79.122807 79.122807 79.122807 79.122807 79.122807 79.122807 79.122807 79.122807
79.523810 79.523810 79.523810 79.523810 79.523810 79.523810 79.523810 79.523810 79.523810 79.523810 79.523810 79.523810 79.523810
79.924812 79.924812 79.924812 79.924812 79.924812 79.924812 79.924812 79.924812 79.924812 79.924812 79.924812 79.924812 79.924812
80.325815 80.325815 80.325815 80.325815 80.325815 80.325815 80.325815 80.325815 80.325815 80.325815 80.325815 80.325815 80.325815
80.726817 80.726817 80.726817 80.726817 80.726817 80.726817 80.726817 80.726817 80.726817 80.726817 80.726817 80.726817 80.726817
81.127820 81.127820 81.127820 81.127820 81.127820 81.127820 81.127820 81.127820 81.127820 81.127820 81.127820 81.127820 81.127820
81.528822 81.528822 81.528822 81.528822 81.528822 81.528822 81.528822 81.528822 81.528822 81.528822 81.528822 81.528822 81.528822
81.929825 81.929825 81.929825 81.929825 81.929825 81.929825 81.929825 81.929825 81.929825 81.929825 81.929825 81.929825 81.929825
82.330827 82.330827 82.330827 82.330827 82.330827 82.330827 82.330827 82.330827 82.330827 82.330827 82.330827 82.330827 82.330827
82.731830 82.731830 82.731830 82.731830 82.731830 82.731830 82.731830 82.731830 82.731830 82.731830 82.731830 82.731830 82.731830
83.132832 83.132832 83.132832 83.132832 83.132832 83.132832 83.132832 83.132832 83.132832 83.132832 83.132832 83.132832 83.132832
83.533835 83.533835 83.533835 83.533835 83.533835 83.533835 83.533835 83.533835 83.533835 83.533835 83.533835 83.533835 83.533835
83.934837 83.934837 83.934837 83.934837 83.934837 83.934837 83.934837 83.934837 83.934837 83.934837 83.934837 83.934837 83.934837
84.335840 84.335840 84.335840 84.335840 84.335840 84.335840 84.335840 84.335840 84.335840 84.335840 84.335840 84.335840 84.335840
84.736842 84.736842 84.736842 84.736842 84.736842 84.736842 84.736842 84.736842 84.736842 84.736842 84.736842 84.736842 84.736842
85.137845 85.137845 85.137845 85.137845 85.137845 85.137845 85.137845 85.137845 85.137845 85.137845 85.137845 85.137845 85.137845
85.538847 85.538847 85.538847 85.538847 85.538847 85.538847 85.538847 85.538847 85.538847 85.538847 85.538847 85.538847 85.538847
85.939850 85.939850 85.939850 85.939850 85.939850 85.939850 85.939850 85.939850 85.939850 85.939850 85.939850 85.939850 85.939850
86.340852 86.340852 86.340852 86.340852 86.340852 86.340852 86.340852 86.340852 86.340852 86.340852 86.340852 86.340852 86.340852
86.741855 86.741855 86.741855 86.741855 86.741855 86.741855 86.741855 86.741855 86.741855 86.741855 86.741855 86.741855 86.741855
87.142857 87.142857 87.142857 87.142857 87.142857 87.142857 87.142857 87.142857 87.142857 87.142857 87.142857 87.142857 87.142857
87.543860 87.543860 87.543860 87.543860 87.543860 87.543860 87.543860 87.543860 87.543860 87.543860 87.543860 87.543860 87.543860
87.944862 87.944862 87.944862 87.944862 87.944862 87.944862 87.944862 87.944862 87.944862 87.944862 87.944862 87.944862 87.944862
88.345865 88.345865 88.345865 88.345865 88.345865 88.345865 88.345865 88.345865 88.345865 88.345865 88.345865 88.345865 88.345865
88.746867 88.746867 88.746867 88.746867 88.746867 88.746867 88.746867 88.746867 88.746867 88.746867 88.746867 88.746867 88.746867
89.147870 89.147870 89.147870 89.147870 89.147870 89.147870 89.147870 89.147870 89.147870 89.147870 89.147870 89.147870 89.147870
89.548872 89.548872 89.548872 89.548872 89.548872 89.548872 89.548872 89.548872 89.548872 89.548872 89.548872 89.548872 89.548872
89.949875 89.949875 89.949875 89.949875 89.949875 89.949875 89.949875 89.949875 89.949875 89.949875 89.949875 89.949875 89.949875
90.350877 90.350877 90.350877 90.350877 90.350877 90.350877 90.350877 90.350877 90.350877 90.350877 90.350877 90.350877 90.350877
90.751880 90.751880 90.751880 90.751880 90.751880 90.751880 90.751880 90.751880 90.751880 90.751880 90.751880 90.751880 90.751880
91.152882 91.152882 91.152882 91.152882 91.152882 91.152882 91.152882 91.152882 91.152882 91.152882 91.152882 91.152882 91.152882
91.553885 91.553885 91.553885 91.553885 91.553885 91.553885 91.553885 91.553885 91.553885 91.553885 91.553885 91.553885 91.553885
91.954887 91.954887 91.954887 91.954887 91.954887 91.954887 91.954887 91.954887 91.954887 91.954887 91.954887 91.954887 91.954887
92.355890 92.355890 92.355890 92.355890 92.355890 92.355890 92.355890 92.355890 92.355890 92.355890 92.355890 92.355890 92.355890
92.756892 92.756892 92.756892 92.756892 92.756892 92.756892 92.756892 92.756892 92.756892 92.756892 92.756892 92.756892 92.756892
93.157895 93.157895 93.157895 93.157895 93.157895 93.157895 93.157895 93.157895 93.157895 93.157895 93.157895 93.157895 93.157895
93.558897 93.558897 93.558897 93.558897 93.558897 93.558897 93.558897 93.558897 93.558897 93.558897 93.558897 93.558897 93.558897
93.959900 93.959900 93.959900 93.959900 93.959900 93.959900 93.959900 93.959900 93.959900 93.959900 93.959900 93.959900 93.959900
94.360902 94.360902 94.360902 94.360902 94.360902 94.360902 94.360902 94.360902 94.360902 94.360902 94.360902 94.360902 94.360902
94.761905 94.761905 94.761905 94.761905 94.761905 94.761905 94.761905 94.761905 94.761905 94.761905 94.761905 94.761905 94.761905
95.162907 95.162907 95.162907 95.162907 95.162907 95.162907 95.162907 95.162907 95.162907 95.162907 95.162907 95.162907 95.162907
95.563910 95.563910 95.563910 95.563910 95.563910 95.563910 95.563910 95.563910 95.563910 95.563910 95.563910 95.563910 95.563910
95.964912 95.964912 95.964912 95.964912 95.964912 95.964912 95.964912 95.964912 95.964912 95.964912 95.964912 95.964912 95.964912
96.365915 96.365915 96.365915 96.365915 96.365915 96.365915 96.365915 96.365915 96.365915 96.365915 96.365915 96.365915 96.365915
96.766917 96.766917 96.766917 96.766917 96.766917 96.766917 96.766917 96.766917 96.766917 96.766917 96.766917 96.766917 96.766917
97.167920 97.167920 97.167920 97.167920 97.167920 97.167920 97.167920 97.167920 97.167920 97.167920 97.167920 97.167920 97.167920
97.568922 97.568922 97.568922 97.568922 97.568922 97.568922 97.568922 97.568922 97.568922 97.568922 97.568922 97.568922 97.568922
97.969925 97.969925 97.969925 97.969925 97.969925 97.969925 97.969925 97.969925 97.969925 97.969925 97.969925 97.969925 97.969925
98.370927 98.370927 98.370927 98.370927 98.370927 98.370927 98.370927 98.370927 98.370927 98.370927 98.370927 98.370927 98.370927
98.771930 98.771930 98.771930 98.771930 98.771930 98.771930 98.771930 98.771930 98.771930 98.771930 98.771930 98.771930 98.771930
99.172932 99.172932 99.172932 99.172932 99.172932 99.172932 99.172932 99.172932 99.172932 99.172932 99.172932 99.172932 99.172932
99.573935 99.573935 99.573935 99.573935 99.573935 99.573935 99.573935 99.573935 99.573935 99.573935 99.573935 99.573935 99.573935
99.974937 99.974937 99.974937 99.974937 99.974937 99.974937 99.974937 99.974937 99.974937 99.974937 99.974937 99.974937 99.974937
100.375940 100.375940 100.375940 100.375940 100.375940 100.375940 100.375940 100.375940 100.375940 100.375940 100.375940 100.375940 100.375940
100.776942 100.776942 100.776942 100.776942 100.776942 100.776942 100.776942 100.776942 100.776942 100.776942 100.776942 100.776942 100.776942
101.177945 101.177945 101.177945 101.177945 101.177945 101.177945 101.177945 101.177945 101.177945 101.177945 101.177945 101.177945 101.177945
101.578947 101.578947 101.578947 101.578947 101.578947 101.578947 101.578947 101.578947 101.578947 101.578947 101.578947 101.578947 101.578947
101.979950 101.979950 101.979950 101.979950 101.979950 101.979950 101.979950 101.979950 101.979950 101.979950 101.979950 101.979950 101.979950
102.380952 102.380952 102.380952 102.380952 102.380952 102.380952 102.380952 102.380952 102.380952 102.380952 102.380952 102.380952 102.380952
102.781955 102.781955 102.781955 102.781955 102.781955 102.781955 102.781955 102.781955 102.781955 102.781955 102.781955 102.781955 102.781955
103.182957 103.182957 103.182957 103.182957 103.182957 103.182957 103.182957 103.182957 103.182957 103.182957 103.182957 103.182957 103.182957
103.583960 103.583960 103.583960 103.583960 103.583960 103.583960 103.583960 103.583960 103.583960 103.583960 103.583960 103.583960 103.583960
103.984962 103.984962 103.984962 103.984962 103.984962 103.984962 103.984962 103.984962 103.984962 103.984962 103.984962 103.984962 103.984962
104.385965 104.385965 104.385965 104.385965 104.385965 104.385965 104.385965 104.385965 104.385965 104.385965 104.385965 104.385965 104.385965
104.786967 104.786967 104.786967 104.786967 104.786967 104.786967 104.786967 104.786967 104.786967 104.786967 104.786967 104.786967 104.786967
105.187970 105.187970 105.187970 105.187970 105.187970 105.187970 105.187970 105.187970 105.187970 105.187970 105.187970 105.187970 105.187970
105.588972 105.588972 105.588972 105.588972 105.588972 105.588972 105.588972 105.588972 105.588972 105.588972 105.588972 105.588972 105.588972
105.989975 105.989975 105.989975 105.989975 105.989975 105.989975 105.989975 105.989975 105.989975 105.989975 105.989975 105.989975 105.989975
106.390977 106.390977 106.390977 106.390977 106.390977 106.390977 106.390977 106.390977 106.390977 106.390977 106.390977 106.390977 106.390977
106.791980 106.791980 106.791980 106.791980 106.791980 106.791980 106.791980 106.791980 106.791980 106.791980 106.791980 106.791980 106.791980
107.192982 107.192982 107.192982 107.192982 107.192982 107.192982 107.192982 107.192982 107.192982 107.192982 107.192982 107.192982 107.192982
107.593985 107.593985 107.593985 107.593985 107.593985 107.593985 107.593985 107.593985 107.593985 107.593985 107.593985 107.593985 107.593985
107.994987 107.994987 107.994987 107.994987 107.994987 107.994987 107.994987 107.994987 107.994987 107.994987 107.994987 107.994987 107.994987
108.395990 108.395990 108.395990 108.395990 108.395990 108.395990 108.395990 108.395990 108.395990 108.395990 108.395990 108.395990 108.395990
108.796992 108.796992 108.796992 108.796992 108.796992 108.796992 108.796992 108.796992 108.796992 108.796992 108.796992 108.796992 108.796992
109.197995 109.197995 109.197995 109.197995 109.197995 109.197995 109.197995 109.197995 109.197995 109.197995 109.197995 109.197995 109.197995
109.598997 109.598997 109.598997 109.598997 109.598997 109.598997 109.598997 109.598997 109.598997 109.598997 109.598997 109.598997 109.598997
110.000000 110.000000 110.000000 110.000000 110.000000 110.000000 110.000000 110.000000 110.000000 110.000000 110.000000 110.000000 110.000000
