-1.273020 -1.410598 -1.332714 -1.254802 -1.196386 -1.136750 -1.101152 -1.066009 -1.030858 -0.992872 -0.948651 -0.905180 -0.871717
-0.932629 -1.038777 -0.982674 -0.925524 -0.882604 -0.838742 -0.812550 -0.786678 -0.760787 -0.732795 -0.700204 -0.668148 -0.643474
-0.706480 -0.790988 -0.749221 -0.705873 -0.673266 -0.639909 -0.619982 -0.600287 -0.580567 -0.559240 -0.534402 -0.509960 -0.491147
-0.550443 -0.619513 -0.587545 -0.553728 -0.528247 -0.502155 -0.486562 -0.471140 -0.455692 -0.438978 -0.419508 -0.400339 -0.385586
-0.439073 -0.496768 -0.471730 -0.444720 -0.424335 -0.403438 -0.390946 -0.378583 -0.366193 -0.352782 -0.337157 -0.321765 -0.309920
-0.357211 -0.406285 -0.386294 -0.364291 -0.347657 -0.330589 -0.320381 -0.310273 -0.300137 -0.289161 -0.276372 -0.263767 -0.254067
-0.295493 -0.337874 -0.321652 -0.303427 -0.289626 -0.275449 -0.266968 -0.258564 -0.250133 -0.241000 -0.230355 -0.219858 -0.211782
-0.247935 -0.285007 -0.271664 -0.256351 -0.244737 -0.232793 -0.225645 -0.218559 -0.211445 -0.203736 -0.194750 -0.185883 -0.179062
-0.210588 -0.243374 -0.232269 -0.219245 -0.209350 -0.199164 -0.193066 -0.187016 -0.180941 -0.174354 -0.166674 -0.159093 -0.153260
-0.180772 -0.210041 -0.200706 -0.189511 -0.180991 -0.172211 -0.166953 -0.161734 -0.156489 -0.150800 -0.144167 -0.137615 -0.132576
-0.156622 -0.182965 -0.175050 -0.165337 -0.157933 -0.150295 -0.145719 -0.141173 -0.136603 -0.131645 -0.125862 -0.120147 -0.115752
-0.136810 -0.160689 -0.153928 -0.145431 -0.138944 -0.132244 -0.128229 -0.124238 -0.120224 -0.115866 -0.110783 -0.105758 -0.101893
-0.120372 -0.142154 -0.136340 -0.128853 -0.123128 -0.117208 -0.113660 -0.110130 -0.106578 -0.102721 -0.098220 -0.093769 -0.090345
-0.106596 -0.126574 -0.121545 -0.114907 -0.109820 -0.104556 -0.101400 -0.098258 -0.095094 -0.091657 -0.087647 -0.083678 -0.080626
-0.094944 -0.113358 -0.108988 -0.103066 -0.098522 -0.093813 -0.090989 -0.088176 -0.085342 -0.082262 -0.078668 -0.075108 -0.072372
-0.085009 -0.102057 -0.098241 -0.092931 -0.088849 -0.084616 -0.082075 -0.079543 -0.076991 -0.074217 -0.070978 -0.067770 -0.065303
-0.076475 -0.092320 -0.088975 -0.084191 -0.080508 -0.076683 -0.074387 -0.072097 -0.069788 -0.067277 -0.064345 -0.061439 -0.059205
-0.069094 -0.083873 -0.080932 -0.076604 -0.073265 -0.069794 -0.067711 -0.065631 -0.063533 -0.061250 -0.058584 -0.055940 -0.053908
-0.062671 -0.076501 -0.073907 -0.069975 -0.066937 -0.063775 -0.061877 -0.059980 -0.058066 -0.055982 -0.053549 -0.051135 -0.049279
-0.057051 -0.070031 -0.067736 -0.064152 -0.061377 -0.058486 -0.056750 -0.055015 -0.053262 -0.051353 -0.049124 -0.046911 -0.045210
-0.052107 -0.064321 -0.062288 -0.059009 -0.056466 -0.053815 -0.052221 -0.050628 -0.049018 -0.047263 -0.045215 -0.043179 -0.041615
-0.047737 -0.059259 -0.057453 -0.054444 -0.052108 -0.049668 -0.048202 -0.046734 -0.045250 -0.043633 -0.041744 -0.039866 -0.038424
-0.043857 -0.054751 -0.053145 -0.050376 -0.048222 -0.045971 -0.044618 -0.043262 -0.041891 -0.040395 -0.038649 -0.036912 -0.035578
-0.040399 -0.050719 -0.049289 -0.046735 -0.044744 -0.042661 -0.041409 -0.040153 -0.038882 -0.037497 -0.035877 -0.034266 -0.033029
-0.037304 -0.047100 -0.045825 -0.043462 -0.041618 -0.039686 -0.038525 -0.037359 -0.036179 -0.034891 -0.033386 -0.031888 -0.030738
-0.034524 -0.043839 -0.042702 -0.040512 -0.038799 -0.037003 -0.035923 -0.034838 -0.033740 -0.032540 -0.031139 -0.029742 -0.028670
-0.032020 -0.040891 -0.039876 -0.037842 -0.036248 -0.034575 -0.033568 -0.032557 -0.031532 -0.030412 -0.029104 -0.027800 -0.026799
-0.029756 -0.038218 -0.037311 -0.035418 -0.033932 -0.032370 -0.031431 -0.030485 -0.029527 -0.028480 -0.027256 -0.026036 -0.025100
-0.027704 -0.035787 -0.034977 -0.033211 -0.031823 -0.030363 -0.029484 -0.028599 -0.027701 -0.026720 -0.025574 -0.024430 -0.023552
-0.025838 -0.033569 -0.032846 -0.031197 -0.029898 -0.028529 -0.027706 -0.026876 -0.026034 -0.025113 -0.024037 -0.022962 -0.022138
-0.024137 -0.031540 -0.030896 -0.029353 -0.028135 -0.026851 -0.026078 -0.025298 -0.024507 -0.023641 -0.022629 -0.021619 -0.020843
-0.022584 -0.029681 -0.029107 -0.027660 -0.026517 -0.025310 -0.024584 -0.023850 -0.023105 -0.022290 -0.021337 -0.020385 -0.019654
-0.021161 -0.027972 -0.027462 -0.026104 -0.025029 -0.023893 -0.023209 -0.022518 -0.021816 -0.021047 -0.020148 -0.019250 -0.018560
-0.019855 -0.026398 -0.025945 -0.024668 -0.023657 -0.022586 -0.021941 -0.021289 -0.020626 -0.019900 -0.019052 -0.018202 -0.017551
-0.018655 -0.024946 -0.024544 -0.023343 -0.022389 -0.021378 -0.020769 -0.020154 -0.019527 -0.018841 -0.018038 -0.017235 -0.016619
-0.017548 -0.023602 -0.023247 -0.022115 -0.021215 -0.020260 -0.019684 -0.019102 -0.018509 -0.017859 -0.017099 -0.016338 -0.015755
-0.016526 -0.022357 -0.022045 -0.020977 -0.020126 -0.019222 -0.018678 -0.018126 -0.017564 -0.016949 -0.016228 -0.015506 -0.014953
-0.015581 -0.021202 -0.020928 -0.019919 -0.019114 -0.018258 -0.017742 -0.017219 -0.016686 -0.016102 -0.015418 -0.014733 -0.014208
-0.014706 -0.020127 -0.019888 -0.018934 -0.018172 -0.017360 -0.016871 -0.016375 -0.015869 -0.015314 -0.014664 -0.014013 -0.013514
-0.013894 -0.019126 -0.018919 -0.018016 -0.017293 -0.016523 -0.016059 -0.015587 -0.015106 -0.014578 -0.013961 -0.013341 -0.012867
-0.013139 -0.018193 -0.018014 -0.017159 -0.016473 -0.015741 -0.015300 -0.014851 -0.014394 -0.013891 -0.013304 -0.012714 -0.012262
-0.012436 -0.017320 -0.017168 -0.016357 -0.015705 -0.015009 -0.014590 -0.014163 -0.013727 -0.013249 -0.012689 -0.012126 -0.011696
-0.011781 -0.016504 -0.016375 -0.015605 -0.014986 -0.014324 -0.013924 -0.013518 -0.013102 -0.012646 -0.012112 -0.011576 -0.011165
-0.011170 -0.015739 -0.015632 -0.014901 -0.014311 -0.013680 -0.013300 -0.012913 -0.012516 -0.012081 -0.011572 -0.011059 -0.010667
-0.010598 -0.015021 -0.014934 -0.014239 -0.013678 -0.013076 -0.012714 -0.012344 -0.011965 -0.011550 -0.011063 -0.010574 -0.010199
-0.010064 -0.014346 -0.014277 -0.013616 -0.013081 -0.012508 -0.012162 -0.011809 -0.011447 -0.011050 -0.010585 -0.010117 -0.009759
-0.009563 -0.013712 -0.013659 -0.013030 -0.012520 -0.011972 -0.011642 -0.011304 -0.010959 -0.010579 -0.010134 -0.009687 -0.009344
-0.009093 -0.013114 -0.013076 -0.012477 -0.011990 -0.011467 -0.011152 -0.010829 -0.010498 -0.010135 -0.009709 -0.009281 -0.008953
-0.008652 -0.012550 -0.012527 -0.011955 -0.011490 -0.010990 -0.010689 -0.010380 -0.010063 -0.009715 -0.009308 -0.008897 -0.008583
-0.008238 -0.012018 -0.012007 -0.011462 -0.011018 -0.010539 -0.010251 -0.009955 -0.009652 -0.009319 -0.008928 -0.008534 -0.008233
-0.007848 -0.011515 -0.011515 -0.010995 -0.010571 -0.010113 -0.009837 -0.009554 -0.009263 -0.008943 -0.008569 -0.008191 -0.007903
-0.007480 -0.011040 -0.011050 -0.010553 -0.010147 -0.009709 -0.009444 -0.009173 -0.008894 -0.008587 -0.008228 -0.007866 -0.007589
-0.007134 -0.010589 -0.010609 -0.010134 -0.009746 -0.009325 -0.009072 -0.008812 -0.008545 -0.008250 -0.007906 -0.007557 -0.007292
-0.006807 -0.010162 -0.010190 -0.009736 -0.009365 -0.008961 -0.008719 -0.008469 -0.008212 -0.007930 -0.007599 -0.007265 -0.007009
-0.006498 -0.009757 -0.009793 -0.009359 -0.009002 -0.008616 -0.008383 -0.008143 -0.007897 -0.007625 -0.007307 -0.006986 -0.006741
-0.006207 -0.009372 -0.009415 -0.008999 -0.008658 -0.008287 -0.008064 -0.007833 -0.007597 -0.007336 -0.007030 -0.006721 -0.006485
-0.005930 -0.009006 -0.009055 -0.008658 -0.008330 -0.007974 -0.007760 -0.007539 -0.007311 -0.007060 -0.006766 -0.006469 -0.006242
-0.005669 -0.008658 -0.008713 -0.008332 -0.008018 -0.007676 -0.007470 -0.007257 -0.007039 -0.006797 -0.006515 -0.006229 -0.006010
-0.005421 -0.008326 -0.008387 -0.008021 -0.007720 -0.007391 -0.007194 -0.006989 -0.006779 -0.006546 -0.006275 -0.005999 -0.005789
-0.005186 -0.008010 -0.008075 -0.007725 -0.007436 -0.007120 -0.006930 -0.006733 -0.006531 -0.006307 -0.006045 -0.005780 -0.005578
-0.004963 -0.007709 -0.007778 -0.007442 -0.007164 -0.006861 -0.006678 -0.006489 -0.006294 -0.006078 -0.005827 -0.005571 -0.005376
-0.004752 -0.007421 -0.007494 -0.007172 -0.006905 -0.006613 -0.006437 -0.006255 -0.006067 -0.005860 -0.005617 -0.005371 -0.005183
-0.004550 -0.007146 -0.007222 -0.006913 -0.006656 -0.006375 -0.006207 -0.006031 -0.005850 -0.005651 -0.005417 -0.005180 -0.004999
-0.004359 -0.006883 -0.006962 -0.006665 -0.006419 -0.006148 -0.005986 -0.005817 -0.005643 -0.005450 -0.005225 -0.004996 -0.004822
-0.004177 -0.006632 -0.006713 -0.006428 -0.006191 -0.005931 -0.005774 -0.005612 -0.005444 -0.005258 -0.005041 -0.004820 -0.004652
-0.004003 -0.006391 -0.006474 -0.006200 -0.005972 -0.005722 -0.005571 -0.005415 -0.005253 -0.005074 -0.004864 -0.004652 -0.004490
-0.003838 -0.006160 -0.006245 -0.005982 -0.005763 -0.005521 -0.005377 -0.005226 -0.005070 -0.004897 -0.004695 -0.004490 -0.004334
-0.003680 -0.005938 -0.006025 -0.005773 -0.005562 -0.005329 -0.005190 -0.005044 -0.004894 -0.004727 -0.004532 -0.004334 -0.004183
-0.003530 -0.005726 -0.005814 -0.005571 -0.005368 -0.005144 -0.005010 -0.004870 -0.004724 -0.004564 -0.004376 -0.004185 -0.004039
-0.003386 -0.005522 -0.005611 -0.005378 -0.005182 -0.004966 -0.004837 -0.004702 -0.004562 -0.004407 -0.004225 -0.004041 -0.003900
-0.003249 -0.005326 -0.005415 -0.005191 -0.005003 -0.004795 -0.004670 -0.004540 -0.004405 -0.004255 -0.004080 -0.003902 -0.003767
-0.003117 -0.005137 -0.005227 -0.005012 -0.004831 -0.004630 -0.004510 -0.004384 -0.004254 -0.004110 -0.003941 -0.003769 -0.003638
-0.002992 -0.004956 -0.005046 -0.004839 -0.004664 -0.004471 -0.004356 -0.004234 -0.004108 -0.003969 -0.003806 -0.003640 -0.003514
-0.002872 -0.004781 -0.004872 -0.004672 -0.004504 -0.004318 -0.004207 -0.004089 -0.003968 -0.003834 -0.003676 -0.003516 -0.003394
-0.002757 -0.004613 -0.004703 -0.004511 -0.004350 -0.004170 -0.004063 -0.003950 -0.003833 -0.003703 -0.003551 -0.003396 -0.003279
-0.002646 -0.004450 -0.004541 -0.004356 -0.004200 -0.004027 -0.003924 -0.003815 -0.003702 -0.003576 -0.003430 -0.003281 -0.003167
-0.002541 -0.004294 -0.004384 -0.004206 -0.004056 -0.003889 -0.003790 -0.003684 -0.003575 -0.003454 -0.003313 -0.003169 -0.003059
-0.002439 -0.004142 -0.004232 -0.004061 -0.003917 -0.003756 -0.003660 -0.003558 -0.003453 -0.003336 -0.003200 -0.003060 -0.002955
-0.002342 -0.003996 -0.004085 -0.003921 -0.003782 -0.003627 -0.003534 -0.003436 -0.003335 -0.003222 -0.003090 -0.002956 -0.002854
-0.002248 -0.003855 -0.003943 -0.003785 -0.003651 -0.003502 -0.003412 -0.003318 -0.003220 -0.003111 -0.002984 -0.002854 -0.002756
-0.002159 -0.003718 -0.003806 -0.003654 -0.003525 -0.003381 -0.003295 -0.003204 -0.003109 -0.003004 -0.002881 -0.002756 -0.002661
-0.002072 -0.003586 -0.003673 -0.003526 -0.003402 -0.003263 -0.003180 -0.003093 -0.003001 -0.002900 -0.002782 -0.002661 -0.002569
-0.001989 -0.003458 -0.003543 -0.003403 -0.003283 -0.003149 -0.003069 -0.002985 -0.002897 -0.002799 -0.002685 -0.002568 -0.002480
-0.001909 -0.003334 -0.003418 -0.003283 -0.003168 -0.003039 -0.002962 -0.002880 -0.002795 -0.002701 -0.002591 -0.002479 -0.002393
-0.001832 -0.003214 -0.003297 -0.003167 -0.003056 -0.002931 -0.002857 -0.002779 -0.002697 -0.002606 -0.002500 -0.002391 -0.002309
-0.001758 -0.003097 -0.003178 -0.003053 -0.002947 -0.002827 -0.002756 -0.002680 -0.002601 -0.002514 -0.002411 -0.002306 -0.002227
-0.001686 -0.002983 -0.003064 -0.002943 -0.002841 -0.002726 -0.002657 -0.002584 -0.002508 -0.002424 -0.002325 -0.002224 -0.002148
-0.001617 -0.002873 -0.002952 -0.002837 -0.002738 -0.002627 -0.002561 -0.002491 -0.002417 -0.002336 -0.002241 -0.002144 -0.002070
-0.001551 -0.002766 -0.002843 -0.002732 -0.002638 -0.002531 -0.002467 -0.002400 -0.002329 -0.002251 -0.002159 -0.002066 -0.001995
-0.001486 -0.002662 -0.002737 -0.002631 -0.002540 -0.002437 -0.002376 -0.002311 -0.002243 -0.002168 -0.002080 -0.001989 -0.001921
-0.001424 -0.002560 -0.002634 -0.002532 -0.002445 -0.002346 -0.002287 -0.002225 -0.002159 -0.002087 -0.002002 -0.001915 -0.001849
-0.001364 -0.002461 -0.002534 -0.002436 -0.002352 -0.002257 -0.002200 -0.002140 -0.002077 -0.002008 -0.001926 -0.001843 -0.001779
-0.001305 -0.002365 -0.002436 -0.002342 -0.002261 -0.002170 -0.002116 -0.002058 -0.001998 -0.001930 -0.001852 -0.001772 -0.001711
-0.001249 -0.002271 -0.002340 -0.002250 -0.002172 -0.002085 -0.002033 -0.001978 -0.001919 -0.001855 -0.001780 -0.001703 -0.001644
-0.001194 -0.002179 -0.002246 -0.002160 -0.002086 -0.002002 -0.001952 -0.001899 -0.001843 -0.001781 -0.001709 -0.001635 -0.001579
-0.001141 -0.002090 -0.002155 -0.002072 -0.002001 -0.001921 -0.001873 -0.001822 -0.001769 -0.001709 -0.001640 -0.001569 -0.001515
-0.001089 -0.002002 -0.002065 -0.001986 -0.001918 -0.001841 -0.001796 -0.001747 -0.001695 -0.001639 -0.001572 -0.001504 -0.001453
-0.001039 -0.001917 -0.001978 -0.001902 -0.001837 -0.001763 -0.001720 -0.001673 -0.001624 -0.001569 -0.001506 -0.001441 -0.001391
-0.000991 -0.001833 -0.001892 -0.001820 -0.001758 -0.001687 -0.001646 -0.001601 -0.001554 -0.001502 -0.001441 -0.001378 -0.001331
-0.000943 -0.001751 -0.001808 -0.001739 -0.001680 -0.001612 -0.001573 -0.001530 -0.001485 -0.001435 -0.001377 -0.001317 -0.001273
-0.000897 -0.001670 -0.001725 -0.001660 -0.001603 -0.001539 -0.001501 -0.001460 -0.001418 -0.001370 -0.001315 -0.001258 -0.001215
-0.000853 -0.001591 -0.001644 -0.001582 -0.001528 -0.001467 -0.001431 -0.001392 -0.001351 -0.001306 -0.001253 -0.001199 -0.001158
-0.000809 -0.001514 -0.001565 -0.001506 -0.001454 -0.001396 -0.001362 -0.001325 -0.001286 -0.001243 -0.001193 -0.001141 -0.001102
-0.000766 -0.001438 -0.001487 -0.001430 -0.001382 -0.001327 -0.001294 -0.001259 -0.001222 -0.001181 -0.001134 -0.001084 -0.001047
-0.000725 -0.001363 -0.001410 -0.001357 -0.001311 -0.001258 -0.001227 -0.001194 -0.001159 -0.001120 -0.001075 -0.001028 -0.000993
-0.000684 -0.001290 -0.001334 -0.001284 -0.001240 -0.001191 -0.001162 -0.001130 -0.001097 -0.001060 -0.001018 -0.000973 -0.000940
-0.000644 -0.001218 -0.001260 -0.001212 -0.001171 -0.001124 -0.001097 -0.001067 -0.001036 -0.001001 -0.000961 -0.000919 -0.000888
-0.000605 -0.001146 -0.001186 -0.001142 -0.001103 -0.001059 -0.001033 -0.001005 -0.000976 -0.000943 -0.000905 -0.000866 -0.000836
-0.000567 -0.001076 -0.001114 -0.001072 -0.001036 -0.000994 -0.000970 -0.000944 -0.000916 -0.000886 -0.000850 -0.000813 -0.000785
-0.000529 -0.001007 -0.001042 -0.001003 -0.000969 -0.000931 -0.000908 -0.000884 -0.000858 -0.000829 -0.000795 -0.000761 -0.000735
-0.000492 -0.000939 -0.000972 -0.000935 -0.000904 -0.000868 -0.000847 -0.000824 -0.000800 -0.000773 -0.000742 -0.000709 -0.000685
-0.000456 -0.000871 -0.000902 -0.000868 -0.000839 -0.000805 -0.000786 -0.000765 -0.000742 -0.000717 -0.000688 -0.000659 -0.000636
-0.000420 -0.000804 -0.000833 -0.000802 -0.000775 -0.000744 -0.000726 -0.000706 -0.000686 -0.000663 -0.000636 -0.000608 -0.000588
-0.000385 -0.000738 -0.000765 -0.000736 -0.000711 -0.000683 -0.000666 -0.000648 -0.000629 -0.000608 -0.000584 -0.000558 -0.000540
-0.000351 -0.000673 -0.000697 -0.000671 -0.000648 -0.000623 -0.000608 -0.000591 -0.000574 -0.000554 -0.000532 -0.000509 -0.000492
-0.000316 -0.000608 -0.000630 -0.000606 -0.000586 -0.000563 -0.000549 -0.000534 -0.000519 -0.000501 -0.000481 -0.000460 -0.000445
-0.000283 -0.000544 -0.000564 -0.000542 -0.000524 -0.000503 -0.000491 -0.000478 -0.000464 -0.000448 -0.000430 -0.000411 -0.000398
-0.000249 -0.000480 -0.000497 -0.000479 -0.000463 -0.000444 -0.000434 -0.000422 -0.000409 -0.000396 -0.000380 -0.000363 -0.000351
-0.000216 -0.000417 -0.000432 -0.000416 -0.000402 -0.000386 -0.000376 -0.000366 -0.000355 -0.000343 -0.000330 -0.000315 -0.000305
-0.000183 -0.000354 -0.000367 -0.000353 -0.000341 -0.000327 -0.000319 -0.000311 -0.000302 -0.000292 -0.000280 -0.000268 -0.000259
-0.000151 -0.000291 -0.000302 -0.000290 -0.000281 -0.000269 -0.000263 -0.000256 -0.000248 -0.000240 -0.000230 -0.000220 -0.000213
-0.000118 -0.000229 -0.000237 -0.000228 -0.000220 -0.000212 -0.000207 -0.000201 -0.000195 -0.000188 -0.000181 -0.000173 -0.000167
-0.000086 -0.000166 -0.000173 -0.000166 -0.000160 -0.000154 -0.000150 -0.000146 -0.000142 -0.000137 -0.000132 -0.000126 -0.000122
-0.000054 -0.000104 -0.000108 -0.000104 -0.000101 -0.000097 -0.000094 -0.000092 -0.000089 -0.000086 -0.000083 -0.000079 -0.000076
-0.000022 -0.000043 -0.000044 -0.000042 -0.000041 -0.000039 -0.000038 -0.000037 -0.000036 -0.000035 -0.000034 -0.000032 -0.000031
0.000010 0.000019 0.000020 0.000019 0.000019 0.000018 0.000017 0.000017 0.000016 0.000016 0.000015 0.000015 0.000014
0.000042 0.000081 0.000084 0.000081 0.000078 0.000075 0.000073 0.000071 0.000069 0.000067 0.000064 0.000061 0.000059
0.000074 0.000143 0.000148 0.000143 0.000138 0.000132 0.000129 0.000126 0.000122 0.000118 0.000113 0.000108 0.000104
0.000106 0.000205 0.000212 0.000204 0.000197 0.000190 0.000185 0.000180 0.000175 0.000169 0.000162 0.000155 0.000150
0.000138 0.000267 0.000277 0.000266 0.000257 0.000247 0.000241 0.000234 0.000228 0.000220 0.000211 0.000202 0.000195
0.000171 0.000329 0.000341 0.000328 0.000317 0.000304 0.000297 0.000289 0.000281 0.000271 0.000260 0.000249 0.000240
0.000203 0.000392 0.000406 0.000391 0.000377 0.000362 0.000354 0.000344 0.000334 0.000322 0.000309 0.000296 0.000286
0.000236 0.000455 0.000471 0.000453 0.000438 0.000420 0.000410 0.000399 0.000387 0.000374 0.000359 0.000343 0.000332
0.000269 0.000518 0.000536 0.000516 0.000498 0.000478 0.000467 0.000454 0.000441 0.000426 0.000409 0.000391 0.000378
0.000302 0.000582 0.000602 0.000579 0.000559 0.000537 0.000524 0.000510 0.000495 0.000478 0.000459 0.000439 0.000424
0.000336 0.000646 0.000668 0.000643 0.000621 0.000596 0.000582 0.000566 0.000549 0.000530 0.000509 0.000487 0.000470
0.000370 0.000710 0.000735 0.000707 0.000683 0.000655 0.000639 0.000622 0.000604 0.000583 0.000560 0.000535 0.000517
0.000404 0.000775 0.000802 0.000771 0.000745 0.000715 0.000698 0.000679 0.000659 0.000636 0.000611 0.000584 0.000564
0.000439 0.000841 0.000870 0.000836 0.000808 0.000775 0.000757 0.000736 0.000714 0.000690 0.000662 0.000633 0.000612
0.000475 0.000907 0.000938 0.000902 0.000871 0.000836 0.000816 0.000794 0.000770 0.000744 0.000714 0.000683 0.000660
0.000511 0.000974 0.001007 0.000968 0.000936 0.000897 0.000876 0.000852 0.000827 0.000799 0.000766 0.000733 0.000708
0.000547 0.001042 0.001077 0.001036 0.001000 0.000959 0.000937 0.000911 0.000884 0.000854 0.000819 0.000784 0.000757
0.000585 0.001111 0.001148 0.001104 0.001066 0.001022 0.000998 0.000971 0.000942 0.000910 0.000873 0.000835 0.000807
0.000623 0.001181 0.001220 0.001172 0.001132 0.001086 0.001060 0.001031 0.001000 0.000966 0.000927 0.000887 0.000857
0.000661 0.001252 0.001292 0.001242 0.001199 0.001150 0.001123 0.001092 0.001060 0.001023 0.000982 0.000939 0.000907
0.000701 0.001323 0.001366 0.001313 0.001268 0.001215 0.001187 0.001154 0.001120 0.001081 0.001038 0.000992 0.000959
0.000741 0.001396 0.001441 0.001384 0.001337 0.001282 0.001251 0.001217 0.001181 0.001140 0.001094 0.001046 0.001011
0.000783 0.001470 0.001517 0.001457 0.001407 0.001349 0.001317 0.001281 0.001242 0.001200 0.001151 0.001101 0.001064
0.000825 0.001546 0.001594 0.001531 0.001478 0.001417 0.001383 0.001345 0.001305 0.001261 0.001209 0.001156 0.001117
0.000868 0.001622 0.001672 0.001606 0.001551 0.001486 0.001451 0.001411 0.001369 0.001322 0.001269 0.001213 0.001172
0.000913 0.001701 0.001752 0.001683 0.001624 0.001557 0.001520 0.001478 0.001434 0.001385 0.001329 0.001270 0.001227
0.000958 0.001780 0.001833 0.001760 0.001700 0.001629 0.001590 0.001546 0.001500 0.001448 0.001390 0.001328 0.001284
0.001005 0.001862 0.001916 0.001840 0.001776 0.001702 0.001662 0.001616 0.001567 0.001513 0.001452 0.001388 0.001341
0.001053 0.001945 0.002001 0.001921 0.001854 0.001777 0.001734 0.001686 0.001636 0.001579 0.001515 0.001448 0.001400
0.001103 0.002029 0.002087 0.002003 0.001933 0.001853 0.001808 0.001758 0.001705 0.001647 0.001580 0.001510 0.001459
0.001154 0.002116 0.002175 0.002087 0.002015 0.001930 0.001884 0.001832 0.001777 0.001716 0.001646 0.001573 0.001520
0.001206 0.002205 0.002265 0.002174 0.002097 0.002009 0.001962 0.001907 0.001849 0.001786 0.001713 0.001637 0.001582
0.001260 0.002295 0.002357 0.002261 0.002182 0.002090 0.002041 0.001984 0.001924 0.001857 0.001782 0.001703 0.001646
0.001316 0.002388 0.002451 0.002351 0.002269 0.002173 0.002121 0.002062 0.002000 0.001931 0.001852 0.001770 0.001711
0.001374 0.002484 0.002548 0.002444 0.002357 0.002258 0.002204 0.002143 0.002078 0.002006 0.001924 0.001839 0.001777
0.001434 0.002581 0.002647 0.002538 0.002448 0.002345 0.002289 0.002225 0.002157 0.002083 0.001998 0.001909 0.001845
0.001495 0.002682 0.002748 0.002635 0.002541 0.002433 0.002375 0.002309 0.002239 0.002161 0.002073 0.001981 0.001915
0.001559 0.002785 0.002852 0.002734 0.002637 0.002525 0.002464 0.002395 0.002322 0.002242 0.002150 0.002055 0.001986
0.001625 0.002891 0.002959 0.002836 0.002735 0.002618 0.002555 0.002484 0.002408 0.002325 0.002230 0.002130 0.002059
0.001693 0.002999 0.003068 0.002940 0.002835 0.002714 0.002649 0.002575 0.002496 0.002409 0.002311 0.002208 0.002134
0.001764 0.003112 0.003181 0.003048 0.002939 0.002813 0.002745 0.002668 0.002587 0.002496 0.002394 0.002288 0.002211
0.001837 0.003227 0.003297 0.003158 0.003045 0.002914 0.002844 0.002764 0.002679 0.002586 0.002480 0.002370 0.002290
0.001913 0.003346 0.003416 0.003272 0.003154 0.003018 0.002946 0.002863 0.002775 0.002678 0.002568 0.002454 0.002372
0.001992 0.003468 0.003539 0.003389 0.003267 0.003125 0.003050 0.002964 0.002873 0.002773 0.002659 0.002540 0.002455
0.002074 0.003595 0.003666 0.003510 0.003382 0.003236 0.003158 0.003069 0.002975 0.002870 0.002753 0.002630 0.002542
0.002159 0.003725 0.003797 0.003634 0.003502 0.003350 0.003269 0.003177 0.003079 0.002971 0.002849 0.002722 0.002630
0.002248 0.003860 0.003931 0.003762 0.003625 0.003467 0.003384 0.003288 0.003186 0.003075 0.002948 0.002816 0.002722
0.002340 0.004000 0.004071 0.003895 0.003752 0.003588 0.003502 0.003403 0.003297 0.003181 0.003051 0.002914 0.002816
0.002436 0.004144 0.004214 0.004031 0.003884 0.003713 0.003624 0.003521 0.003412 0.003292 0.003156 0.003015 0.002914
0.002536 0.004293 0.004363 0.004173 0.004019 0.003843 0.003750 0.003643 0.003530 0.003406 0.003265 0.003119 0.003014
0.002640 0.004448 0.004517 0.004319 0.004160 0.003976 0.003880 0.003770 0.003652 0.003524 0.003378 0.003227 0.003118
0.002749 0.004608 0.004676 0.004470 0.004305 0.004115 0.004015 0.003900 0.003779 0.003645 0.003495 0.003338 0.003226
0.002863 0.004774 0.004841 0.004627 0.004455 0.004258 0.004155 0.004036 0.003910 0.003772 0.003616 0.003453 0.003337
0.002981 0.004947 0.005012 0.004789 0.004611 0.004406 0.004299 0.004176 0.004045 0.003902 0.003741 0.003572 0.003452
0.003105 0.005126 0.005190 0.004958 0.004773 0.004560 0.004449 0.004321 0.004186 0.004038 0.003870 0.003696 0.003572
0.003234 0.005312 0.005374 0.005133 0.004940 0.004720 0.004604 0.004472 0.004332 0.004178 0.004005 0.003824 0.003696
0.003370 0.005505 0.005566 0.005314 0.005114 0.004885 0.004766 0.004629 0.004483 0.004324 0.004144 0.003957 0.003824
0.003512 0.005707 0.005765 0.005503 0.005295 0.005057 0.004934 0.004791 0.004640 0.004475 0.004289 0.004095 0.003958
0.003660 0.005916 0.005972 0.005699 0.005483 0.005236 0.005108 0.004960 0.004804 0.004632 0.004440 0.004239 0.004097
0.003816 0.006135 0.006187 0.005904 0.005679 0.005422 0.005289 0.005136 0.004974 0.004796 0.004596 0.004388 0.004241
0.003979 0.006363 0.006412 0.006116 0.005883 0.005616 0.005478 0.005319 0.005151 0.004966 0.004759 0.004544 0.004391
0.004150 0.006601 0.006646 0.006338 0.006095 0.005818 0.005675 0.005510 0.005335 0.005144 0.004929 0.004706 0.004547
0.004330 0.006849 0.006890 0.006569 0.006317 0.006028 0.005880 0.005708 0.005527 0.005329 0.005106 0.004874 0.004710
0.004518 0.007108 0.007145 0.006811 0.006548 0.006248 0.006094 0.005916 0.005728 0.005522 0.005291 0.005050 0.004880
0.004717 0.007380 0.007412 0.007063 0.006789 0.006477 0.006317 0.006132 0.005937 0.005723 0.005484 0.005234 0.005058
0.004926 0.007664 0.007691 0.007327 0.007042 0.006717 0.006551 0.006359 0.006156 0.005933 0.005685 0.005426 0.005243
0.005146 0.007962 0.007982 0.007602 0.007306 0.006968 0.006795 0.006595 0.006384 0.006154 0.005896 0.005627 0.005437
0.005378 0.008274 0.008288 0.007891 0.007582 0.007230 0.007051 0.006843 0.006624 0.006384 0.006116 0.005837 0.005640
0.005623 0.008602 0.008608 0.008194 0.007872 0.007505 0.007318 0.007103 0.006875 0.006625 0.006347 0.006057 0.005853
0.005881 0.008946 0.008945 0.008512 0.008176 0.007794 0.007599 0.007375 0.007138 0.006878 0.006589 0.006287 0.006076
0.006153 0.009307 0.009298 0.008846 0.008495 0.008097 0.007894 0.007661 0.007413 0.007144 0.006843 0.006529 0.006309
0.006442 0.009688 0.009669 0.009196 0.008830 0.008415 0.008204 0.007961 0.007703 0.007423 0.007110 0.006784 0.006555
0.006747 0.010089 0.010060 0.009565 0.009183 0.008750 0.008530 0.008276 0.008008 0.007716 0.007390 0.007051 0.006813
0.007070 0.010511 0.010471 0.009953 0.009554 0.009102 0.008873 0.008608 0.008329 0.008024 0.007685 0.007332 0.007085
0.007412 0.010957 0.010905 0.010363 0.009945 0.009473 0.009234 0.008958 0.008667 0.008349 0.007996 0.007628 0.007371
0.007776 0.011428 0.011363 0.010795 0.010358 0.009864 0.009615 0.009327 0.009023 0.008692 0.008324 0.007940 0.007672
0.008162 0.011926 0.011846 0.011251 0.010794 0.010277 0.010017 0.009717 0.009399 0.009054 0.008670 0.008270 0.007991
0.008572 0.012453 0.012358 0.011733 0.011255 0.010714 0.010442 0.010129 0.009797 0.009436 0.009035 0.008618 0.008327
0.009008 0.013011 0.012899 0.012244 0.011742 0.011177 0.010892 0.010564 0.010218 0.009841 0.009422 0.008987 0.008683
0.009474 0.013604 0.013474 0.012785 0.012259 0.011666 0.011369 0.011026 0.010663 0.010269 0.009832 0.009377 0.009060
0.009970 0.014233 0.014083 0.013359 0.012807 0.012186 0.011875 0.011516 0.011136 0.010724 0.010266 0.009791 0.009460
0.010500 0.014903 0.014730 0.013969 0.013390 0.012738 0.012412 0.012035 0.011638 0.011206 0.010728 0.010230 0.009884
0.011067 0.015615 0.015419 0.014618 0.014009 0.013325 0.012983 0.012588 0.012172 0.011719 0.011218 0.010697 0.010335
0.011673 0.016375 0.016153 0.015309 0.014669 0.013950 0.013591 0.013177 0.012740 0.012265 0.011740 0.011194 0.010815
0.012324 0.017187 0.016937 0.016046 0.015373 0.014616 0.014239 0.013805 0.013345 0.012848 0.012297 0.011724 0.011327
0.013022 0.018055 0.017773 0.016834 0.016124 0.015328 0.014932 0.014475 0.013992 0.013469 0.012891 0.012290 0.011874
0.013772 0.018984 0.018669 0.017677 0.016928 0.016089 0.015672 0.015191 0.014684 0.014134 0.013527 0.012895 0.012458
0.014581 0.019981 0.019629 0.018579 0.017789 0.016904 0.016465 0.015959 0.015425 0.014846 0.014207 0.013543 0.013084
0.015452 0.021052 0.020659 0.019549 0.018714 0.017779 0.017316 0.016783 0.016220 0.015610 0.014937 0.014238 0.013755
0.016394 0.022205 0.021767 0.020591 0.019708 0.018719 0.018231 0.017668 0.017074 0.016431 0.015722 0.014985 0.014476
0.017413 0.023447 0.022961 0.021713 0.020778 0.019732 0.019216 0.018621 0.017993 0.017315 0.016566 0.015789 0.015253
0.018518 0.024790 0.024250 0.022924 0.021933 0.020825 0.020279 0.019649 0.018985 0.018268 0.017477 0.016656 0.016090
0.019718 0.026243 0.025644 0.024234 0.023181 0.022006 0.021427 0.020761 0.020058 0.019298 0.018461 0.017593 0.016995
0.021024 0.027819 0.027154 0.025653 0.024534 0.023285 0.022672 0.021965 0.021219 0.020414 0.019528 0.018608 0.017975
0.022448 0.029531 0.028795 0.027194 0.026002 0.024674 0.024022 0.023271 0.022479 0.021625 0.020685 0.019709 0.019039
0.024006 0.031398 0.030581 0.028872 0.027601 0.026186 0.025492 0.024693 0.023851 0.022942 0.021944 0.020907 0.020196
0.025713 0.033436 0.032531 0.030702 0.029345 0.027835 0.027095 0.026244 0.025347 0.024379 0.023316 0.022214 0.021457
0.027589 0.035667 0.034664 0.032704 0.031252 0.029638 0.028849 0.027940 0.026982 0.025950 0.024817 0.023642 0.022837
0.029655 0.038118 0.037005 0.034901 0.033344 0.031615 0.030771 0.029800 0.028776 0.027673 0.026463 0.025208 0.024349
0.031938 0.040816 0.039580 0.037317 0.035646 0.033790 0.032886 0.031845 0.030748 0.029567 0.028273 0.026930 0.026012
0.034468 0.043796 0.042423 0.039984 0.038185 0.036190 0.035219 0.034101 0.032924 0.031657 0.030268 0.028829 0.027846
0.037280 0.047099 0.045571 0.042937 0.040996 0.038846 0.037801 0.036598 0.035331 0.033969 0.032477 0.030931 0.029875
0.040418 0.050772 0.049069 0.046217 0.044119 0.041797 0.040669 0.039371 0.038006 0.036537 0.034930 0.033265 0.032129
0.043933 0.054872 0.052972 0.049876 0.047602 0.045087 0.043867 0.042464 0.040987 0.039400 0.037664 0.035866 0.034640
0.047884 0.059468 0.057343 0.053973 0.051502 0.048770 0.047447 0.045925 0.044324 0.042605 0.040725 0.038778 0.037452
0.052346 0.064641 0.062261 0.058582 0.055887 0.052911 0.051472 0.049817 0.048076 0.046207 0.044165 0.042051 0.040612
0.057408 0.070491 0.067818 0.063789 0.060842 0.057590 0.056019 0.054213 0.052313 0.050276 0.048050 0.045747 0.044181
0.063179 0.077141 0.074131 0.069702 0.066468 0.062902 0.061181 0.059203 0.057124 0.054894 0.052461 0.049942 0.048231
0.069796 0.084742 0.081341 0.076456 0.072892 0.068966 0.067074 0.064900 0.062616 0.060166 0.057495 0.054731 0.052855
0.077427 0.093482 0.089627 0.084214 0.080271 0.075931 0.073843 0.071443 0.068922 0.066220 0.063275 0.060229 0.058163
0.086286 0.103596 0.099209 0.093186 0.088804 0.083984 0.081667 0.079006 0.076211 0.073217 0.069956 0.066583 0.064298
0.096644 0.115387 0.110372 0.103634 0.098739 0.093360 0.090777 0.087811 0.084697 0.081363 0.077733 0.073980 0.071439
0.108849 0.129240 0.123479 0.115901 0.110402 0.104364 0.101468 0.098144 0.094655 0.090921 0.086858 0.082658 0.079818
0.123358 0.145659 0.139003 0.130426 0.124211 0.117392 0.114125 0.110377 0.106442 0.102235 0.097659 0.092930 0.089735
0.140773 0.165309 0.157570 0.147796 0.140722 0.132966 0.129256 0.124999 0.120532 0.115757 0.110568 0.105206 0.101587
0.161904 0.189082 0.180019 0.168793 0.160678 0.151788 0.147540 0.142668 0.137557 0.132096 0.126165 0.120038 0.115905
0.187858 0.218197 0.207494 0.194485 0.185094 0.174814 0.169907 0.164282 0.158382 0.152080 0.145241 0.138177 0.133417
0.220179 0.254350 0.241586 0.226361 0.215382 0.203374 0.197649 0.191087 0.184207 0.176862 0.168896 0.160669 0.155130
0.261064 0.299950 0.284560 0.266532 0.253548 0.239358 0.232600 0.224857 0.216740 0.208080 0.198691 0.188999 0.182479
0.313720 0.358508 0.339710 0.318075 0.302511 0.285516 0.277431 0.268171 0.258466 0.248116 0.236903 0.225329 0.217551
0.382953 0.435279 0.411965 0.385591 0.366640 0.345963 0.336137 0.324887 0.313099 0.300535 0.286930 0.272891 0.263465
0.476189 0.538366 0.508923 0.476173 0.452667 0.427041 0.414875 0.400952 0.386368 0.370829 0.354015 0.336668 0.325030
0.605294 0.680694 0.642697 0.601124 0.571319 0.538852 0.523455 0.505841 0.487394 0.467749 0.446505 0.424593 0.409906
0.789913 0.883614 0.833290 0.779112 0.740312 0.698079 0.678073 0.655194 0.631239 0.605741 0.578184 0.549767 0.530737
1.063732 1.183651 1.114898 1.042039 0.989917 0.933229 0.906404 0.875737 0.843636 0.809484 0.772596 0.734567 0.709122
1.485942 1.644799 1.547395 1.445756 1.373124 1.294191 1.256877 1.214236 1.169612 1.122161 1.070938 1.018143 0.982851
2.159028 2.377386 2.233902 2.086425 1.981149 1.866828 1.812841 1.751170 1.686648 1.618070 1.544085 1.467850 1.416932
3.233455 3.542013 3.324219 3.103651 2.946365 2.775697 2.695184 2.603244 2.507080 2.404920 2.294771 2.181298 2.105577
4.764514 5.192241 4.867080 4.542515 4.311308 4.060622 3.942479 3.807623 3.666604 3.516866 3.355514 3.189335 3.078540
6.109149 6.623407 6.201094 5.785500 5.489746 5.169321 5.018462 4.846328 4.666377 4.475388 4.269710 4.057931 3.916857
5.903997 6.368289 5.955005 5.553915 5.268767 4.960070 4.814875 4.649269 4.476188 4.292578 4.094964 3.891539 3.756148
4.431015 4.755185 4.441180 4.140568 3.927064 3.696102 3.587575 3.463842 3.334557 3.197473 3.050021 2.898271 2.797361
3.017759 3.222167 3.005730 2.801276 2.656207 2.499395 2.425781 2.341886 2.254251 2.161372 2.061529 1.958801 1.890549
2.060809 2.189335 2.039784 1.900355 1.801518 1.694759 1.644690 1.587653 1.528087 1.464988 1.397197 1.327464 1.281175
1.457432 1.540585 1.433598 1.335126 1.265388 1.190116 1.154848 1.114687 1.072758 1.028361 0.980693 0.931671 0.899158
1.071913 1.127436 1.047858 0.975533 0.924358 0.869165 0.843329 0.813920 0.783224 0.750738 0.715878 0.680038 0.656288
0.816687 0.854742 0.793439 0.738410 0.699509 0.657584 0.637976 0.615667 0.592388 0.567762 0.541353 0.514207 0.496235
0.641147 0.667722 0.619073 0.575931 0.545460 0.512645 0.497311 0.479873 0.461681 0.442446 0.421830 0.400645 0.386630
0.516102 0.534866 0.495288 0.460608 0.436135 0.409798 0.397502 0.383525 0.368948 0.353542 0.337040 0.320086 0.308880
0.424245 0.437532 0.404658 0.376190 0.356117 0.334531 0.324463 0.313023 0.301094 0.288493 0.275004 0.261149 0.251999
0.354950 0.364298 0.336513 0.312726 0.295970 0.277962 0.269571 0.260039 0.250104 0.239614 0.228390 0.216865 0.209261
0.301465 0.307917 0.284082 0.263908 0.249707 0.234458 0.227358 0.219296 0.210896 0.202030 0.192551 0.182819 0.176403
0.259356 0.263641 0.242934 0.225602 0.213411 0.200330 0.194244 0.187338 0.180143 0.172553 0.164442 0.156118 0.150634
0.225627 0.228266 0.210078 0.195020 0.184438 0.173091 0.167816 0.161833 0.155601 0.149031 0.142013 0.134813 0.130074
0.198200 0.199572 0.183444 0.170235 0.160959 0.151019 0.146403 0.141168 0.135718 0.129974 0.123843 0.117554 0.113418
0.175600 0.175986 0.161564 0.149877 0.141676 0.132895 0.128820 0.124201 0.119394 0.114329 0.108927 0.103386 0.099746
0.156756 0.156368 0.143377 0.132958 0.125653 0.117836 0.114211 0.110105 0.105832 0.101333 0.096536 0.091618 0.088389
0.140878 0.139879 0.128099 0.118748 0.112197 0.105191 0.101945 0.098270 0.094446 0.090422 0.086134 0.081739 0.078856
0.127374 0.125888 0.115144 0.106701 0.100790 0.094473 0.091549 0.088240 0.084797 0.081176 0.077320 0.073368 0.070778
0.115791 0.113916 0.104065 0.096400 0.091038 0.085312 0.082663 0.079666 0.076550 0.073274 0.069787 0.066214 0.063874
0.105779 0.103593 0.094517 0.087525 0.082637 0.077420 0.075008 0.072282 0.069447 0.066468 0.063299 0.060053 0.057930
0.097064 0.094629 0.086232 0.079824 0.075348 0.070574 0.068369 0.065877 0.063286 0.060565 0.057673 0.054711 0.052774
0.089431 0.086796 0.078996 0.073100 0.068984 0.064598 0.062573 0.060286 0.057909 0.055414 0.052762 0.050048 0.048275
0.082706 0.079911 0.072640 0.067195 0.063396 0.059350 0.057484 0.055377 0.053188 0.050891 0.048452 0.045955 0.044326
0.076749 0.073827 0.067026 0.061980 0.058462 0.054717 0.052991 0.051044 0.049021 0.046899 0.044647 0.042343 0.040840
0.071446 0.068424 0.062043 0.057353 0.054084 0.050607 0.049006 0.047200 0.045325 0.043358 0.041273 0.039139 0.037749
0.066704 0.063603 0.057601 0.053228 0.050182 0.046944 0.045454 0.043775 0.042031 0.040203 0.038266 0.036285 0.034994
0.062446 0.059285 0.053623 0.049535 0.046689 0.043666 0.042276 0.040709 0.039083 0.037380 0.035575 0.033730 0.032530
0.058607 0.055400 0.050048 0.046216 0.043550 0.040720 0.039420 0.037955 0.036435 0.034844 0.033159 0.031436 0.030316
0.055134 0.051893 0.046821 0.043221 0.040719 0.038064 0.036844 0.035471 0.034047 0.032557 0.030979 0.029367 0.028320
0.051980 0.048717 0.043901 0.040511 0.038157 0.035659 0.034513 0.033224 0.031887 0.030487 0.029008 0.027496 0.026515
0.049107 0.045830 0.041248 0.038050 0.035830 0.033477 0.032397 0.031184 0.029925 0.028609 0.027218 0.025797 0.024876
0.046482 0.043198 0.038831 0.035809 0.033711 0.031489 0.030471 0.029326 0.028139 0.026899 0.025589 0.024251 0.023384
0.044078 0.040793 0.036623 0.033761 0.031776 0.029674 0.028711 0.027630 0.026509 0.025338 0.024101 0.022839 0.022022
0.041868 0.038588 0.034601 0.031886 0.030003 0.028012 0.027100 0.026077 0.025016 0.023909 0.022740 0.021547 0.020775
0.039834 0.036562 0.032744 0.030164 0.028376 0.026486 0.025622 0.024651 0.023646 0.022597 0.021490 0.020361 0.019631
0.037956 0.034696 0.031034 0.028579 0.026879 0.025083 0.024261 0.023340 0.022386 0.021390 0.020341 0.019270 0.018578
0.036218 0.032973 0.029457 0.027117 0.025498 0.023788 0.023007 0.022130 0.021223 0.020277 0.019281 0.018264 0.017608
0.034607 0.031380 0.027998 0.025766 0.024222 0.022592 0.021847 0.021013 0.020149 0.019249 0.018301 0.017335 0.016712
0.033110 0.029902 0.026647 0.024514 0.023040 0.021484 0.020774 0.019978 0.019155 0.018297 0.017395 0.016475 0.015882
0.031716 0.028530 0.025393 0.023353 0.021943 0.020456 0.019777 0.019018 0.018233 0.017414 0.016554 0.015677 0.015112
0.030417 0.027254 0.024227 0.022273 0.020923 0.019500 0.018852 0.018126 0.017375 0.016594 0.015772 0.014935 0.014396
0.029203 0.026064 0.023140 0.021267 0.019973 0.018610 0.017989 0.017295 0.016577 0.015830 0.015045 0.014245 0.013730
0.028067 0.024953 0.022126 0.020328 0.019087 0.017780 0.017185 0.016520 0.015832 0.015117 0.014366 0.013601 0.013110
0.027002 0.023914 0.021179 0.019451 0.018259 0.017005 0.016434 0.015796 0.015137 0.014452 0.013732 0.013000 0.012530
0.026002 0.022941 0.020292 0.018631 0.017485 0.016280 0.015731 0.015119 0.014487 0.013829 0.013140 0.012438 0.011987
0.025063 0.022028 0.019460 0.017861 0.016759 0.015600 0.015073 0.014485 0.013877 0.013246 0.012584 0.011911 0.011479
0.024179 0.021171 0.018680 0.017140 0.016078 0.014962 0.014455 0.013890 0.013306 0.012699 0.012064 0.011417 0.011003
0.023345 0.020365 0.017947 0.016461 0.015438 0.014363 0.013875 0.013330 0.012769 0.012185 0.011574 0.010953 0.010555
0.022558 0.019606 0.017256 0.015823 0.014836 0.013799 0.013329 0.012805 0.012264 0.011702 0.011114 0.010517 0.010134
0.021815 0.018890 0.016606 0.015221 0.014268 0.013268 0.012815 0.012309 0.011788 0.011247 0.010681 0.010106 0.009738
0.021112 0.018214 0.015992 0.014654 0.013733 0.012768 0.012330 0.011842 0.011339 0.010818 0.010273 0.009718 0.009364
0.020446 0.017576 0.015412 0.014119 0.013228 0.012295 0.011872 0.011401 0.010916 0.010413 0.009887 0.009353 0.009011
0.019814 0.016972 0.014864 0.013612 0.012751 0.011849 0.011440 0.010985 0.010516 0.010030 0.009523 0.009007 0.008678
0.019215 0.016400 0.014346 0.013133 0.012299 0.011426 0.011030 0.010591 0.010138 0.009668 0.009178 0.008681 0.008363
0.018645 0.015858 0.013854 0.012679 0.011871 0.011026 0.010643 0.010218 0.009779 0.009326 0.008852 0.008371 0.008065
0.018104 0.015343 0.013388 0.012249 0.011466 0.010646 0.010276 0.009864 0.009440 0.009001 0.008543 0.008078 0.007782
0.017588 0.014854 0.012946 0.011840 0.011081 0.010286 0.009927 0.009528 0.009117 0.008693 0.008250 0.007800 0.007514
0.017097 0.014390 0.012525 0.011452 0.010715 0.009944 0.009596 0.009209 0.008811 0.008400 0.007971 0.007536 0.007259
0.016628 0.013948 0.012126 0.011083 0.010367 0.009619 0.009281 0.008907 0.008521 0.008122 0.007707 0.007285 0.007017
0.016181 0.013527 0.011745 0.010732 0.010037 0.009310 0.008982 0.008618 0.008244 0.007857 0.007455 0.007047 0.006787
0.015754 0.013125 0.011383 0.010398 0.009722 0.009016 0.008697 0.008344 0.007981 0.007606 0.007215 0.006819 0.006568
0.015346 0.012742 0.011037 0.010079 0.009421 0.008735 0.008426 0.008083 0.007730 0.007366 0.006987 0.006603 0.006360
0.014955 0.012377 0.010707 0.009775 0.009135 0.008468 0.008167 0.007833 0.007491 0.007137 0.006769 0.006397 0.006161
0.014581 0.012028 0.010393 0.009485 0.008862 0.008213 0.007920 0.007596 0.007262 0.006919 0.006562 0.006200 0.005971
0.014223 0.011694 0.010092 0.009207 0.008601 0.007969 0.007684 0.007368 0.007044 0.006710 0.006364 0.006012 0.005790
0.013880 0.011375 0.009804 0.008942 0.008351 0.007736 0.007458 0.007151 0.006836 0.006511 0.006174 0.005833 0.005617
0.013550 0.011069 0.009529 0.008689 0.008113 0.007513 0.007243 0.006944 0.006637 0.006321 0.005993 0.005661 0.005451
0.013233 0.010777 0.009266 0.008446 0.007884 0.007300 0.007036 0.006745 0.006447 0.006139 0.005820 0.005497 0.005293
0.012929 0.010496 0.009013 0.008214 0.007666 0.007095 0.006839 0.006555 0.006264 0.005965 0.005654 0.005340 0.005141
0.012637 0.010227 0.008772 0.007991 0.007456 0.006900 0.006649 0.006373 0.006089 0.005798 0.005495 0.005189 0.004996
0.012356 0.009968 0.008540 0.007777 0.007255 0.006712 0.006468 0.006198 0.005922 0.005637 0.005343 0.005045 0.004857
0.012086 0.009720 0.008317 0.007572 0.007062 0.006532 0.006294 0.006031 0.005761 0.005484 0.005197 0.004907 0.004724
0.011825 0.009482 0.008103 0.007375 0.006877 0.006359 0.006127 0.005870 0.005607 0.005336 0.005057 0.004774 0.004596
0.011574 0.009253 0.007897 0.007186 0.006699 0.006193 0.005966 0.005716 0.005459 0.005195 0.004922 0.004646 0.004473
0.011332 0.009032 0.007700 0.007004 0.006528 0.006034 0.005812 0.005567 0.005317 0.005059 0.004793 0.004524 0.004355
0.011099 0.008820 0.007510 0.006830 0.006364 0.005881 0.005664 0.005425 0.005180 0.004928 0.004669 0.004406 0.004241
0.010873 0.008616 0.007327 0.006661 0.006206 0.005733 0.005521 0.005287 0.005048 0.004803 0.004549 0.004293 0.004132
0.010656 0.008419 0.007151 0.006499 0.006054 0.005591 0.005384 0.005155 0.004922 0.004682 0.004434 0.004184 0.004027
0.010446 0.008229 0.006981 0.006343 0.005907 0.005455 0.005252 0.005028 0.004800 0.004565 0.004323 0.004079 0.003926
0.010243 0.008046 0.006818 0.006193 0.005766 0.005323 0.005124 0.004906 0.004682 0.004453 0.004217 0.003978 0.003829
0.010046 0.007870 0.006660 0.006048 0.005630 0.005196 0.005002 0.004788 0.004569 0.004345 0.004114 0.003881 0.003735
0.009857 0.007700 0.006508 0.005909 0.005499 0.005074 0.004883 0.004674 0.004460 0.004241 0.004015 0.003787 0.003644
0.009673 0.007535 0.006361 0.005774 0.005372 0.004956 0.004769 0.004565 0.004355 0.004141 0.003920 0.003697 0.003557
0.009495 0.007376 0.006220 0.005644 0.005250 0.004842 0.004659 0.004459 0.004254 0.004044 0.003828 0.003610 0.003473
0.009322 0.007223 0.006083 0.005518 0.005132 0.004732 0.004553 0.004357 0.004156 0.003950 0.003739 0.003525 0.003392
0.009155 0.007074 0.005951 0.005396 0.005018 0.004626 0.004450 0.004258 0.004061 0.003860 0.003653 0.003444 0.003314
0.008994 0.006931 0.005823 0.005279 0.004908 0.004523 0.004351 0.004163 0.003970 0.003773 0.003570 0.003366 0.003238
0.008837 0.006792 0.005699 0.005166 0.004801 0.004424 0.004255 0.004070 0.003881 0.003688 0.003490 0.003290 0.003165
0.008684 0.006657 0.005579 0.005056 0.004698 0.004328 0.004163 0.003981 0.003796 0.003607 0.003412 0.003216 0.003094
0.008536 0.006527 0.005464 0.004950 0.004599 0.004236 0.004073 0.003895 0.003713 0.003528 0.003337 0.003145 0.003026
0.008393 0.006401 0.005352 0.004847 0.004502 0.004146 0.003986 0.003812 0.003634 0.003452 0.003265 0.003077 0.002960
0.008253 0.006278 0.005243 0.004747 0.004409 0.004059 0.003902 0.003731 0.003556 0.003378 0.003195 0.003010 0.002896
0.008118 0.006160 0.005138 0.004651 0.004318 0.003975 0.003821 0.003653 0.003481 0.003306 0.003127 0.002946 0.002834
0.007986 0.006045 0.005036 0.004557 0.004231 0.003893 0.003742 0.003577 0.003409 0.003237 0.003061 0.002884 0.002774
0.007858 0.005933 0.004937 0.004467 0.004146 0.003814 0.003666 0.003504 0.003339 0.003170 0.002997 0.002824 0.002715
0.007734 0.005825 0.004841 0.004379 0.004064 0.003738 0.003592 0.003433 0.003270 0.003105 0.002936 0.002765 0.002659
0.007613 0.005720 0.004748 0.004294 0.003984 0.003663 0.003520 0.003364 0.003204 0.003042 0.002876 0.002709 0.002605
0.007495 0.005618 0.004658 0.004211 0.003906 0.003591 0.003450 0.003297 0.003140 0.002981 0.002818 0.002654 0.002552
0.007380 0.005519 0.004570 0.004131 0.003831 0.003521 0.003383 0.003232 0.003078 0.002922 0.002761 0.002600 0.002500
0.007269 0.005423 0.004485 0.004053 0.003758 0.003454 0.003317 0.003169 0.003018 0.002864 0.002707 0.002549 0.002450
0.007160 0.005330 0.004403 0.003977 0.003687 0.003388 0.003254 0.003108 0.002959 0.002808 0.002654 0.002499 0.002402
0.007054 0.005239 0.004322 0.003904 0.003618 0.003324 0.003192 0.003049 0.002903 0.002754 0.002602 0.002450 0.002355
0.006951 0.005150 0.004244 0.003832 0.003552 0.003262 0.003132 0.002991 0.002847 0.002701 0.002552 0.002403 0.002310
0.006850 0.005064 0.004168 0.003763 0.003487 0.003201 0.003074 0.002935 0.002794 0.002650 0.002504 0.002357 0.002265
0.006752 0.004981 0.004095 0.003696 0.003423 0.003143 0.003017 0.002881 0.002742 0.002601 0.002457 0.002312 0.002222
0.006656 0.004899 0.004023 0.003630 0.003362 0.003085 0.002962 0.002828 0.002691 0.002552 0.002411 0.002269 0.002181
0.006562 0.004820 0.003953 0.003566 0.003302 0.003030 0.002908 0.002776 0.002642 0.002505 0.002366 0.002226 0.002140
0.006471 0.004743 0.003885 0.003504 0.003244 0.002976 0.002856 0.002726 0.002594 0.002460 0.002323 0.002185 0.002100
0.006382 0.004668 0.003819 0.003444 0.003188 0.002923 0.002805 0.002678 0.002547 0.002415 0.002281 0.002146 0.002062
0.006295 0.004595 0.003755 0.003385 0.003133 0.002872 0.002756 0.002630 0.002502 0.002372 0.002240 0.002107 0.002025
0.006210 0.004523 0.003692 0.003327 0.003079 0.002823 0.002708 0.002584 0.002458 0.002330 0.002200 0.002069 0.001988
0.006127 0.004454 0.003631 0.003272 0.003027 0.002774 0.002661 0.002539 0.002415 0.002289 0.002161 0.002032 0.001953
0.006046 0.004386 0.003571 0.003217 0.002976 0.002727 0.002616 0.002495 0.002373 0.002249 0.002123 0.001996 0.001918
0.005967 0.004320 0.003513 0.003164 0.002926 0.002681 0.002571 0.002453 0.002332 0.002210 0.002086 0.001962 0.001885
0.005889 0.004255 0.003457 0.003112 0.002878 0.002636 0.002528 0.002411 0.002293 0.002172 0.002050 0.001928 0.001852
0.005814 0.004193 0.003402 0.003062 0.002831 0.002593 0.002486 0.002371 0.002254 0.002136 0.002015 0.001895 0.001820
0.005739 0.004131 0.003348 0.003013 0.002785 0.002550 0.002445 0.002332 0.002216 0.002100 0.001981 0.001862 0.001789
0.005667 0.004071 0.003295 0.002965 0.002740 0.002509 0.002405 0.002293 0.002180 0.002065 0.001948 0.001831 0.001759
0.005596 0.004013 0.003244 0.002918 0.002697 0.002468 0.002366 0.002256 0.002144 0.002031 0.001916 0.001800 0.001729
0.005527 0.003956 0.003194 0.002873 0.002654 0.002429 0.002328 0.002219 0.002109 0.001997 0.001884 0.001770 0.001701
0.005459 0.003900 0.003145 0.002828 0.002613 0.002390 0.002291 0.002184 0.002075 0.001965 0.001853 0.001741 0.001672
0.005392 0.003846 0.003098 0.002785 0.002572 0.002353 0.002255 0.002149 0.002042 0.001933 0.001823 0.001713 0.001645
0.005327 0.003792 0.003051 0.002742 0.002532 0.002316 0.002219 0.002115 0.002009 0.001902 0.001794 0.001685 0.001618
0.005263 0.003740 0.003006 0.002701 0.002494 0.002280 0.002185 0.002082 0.001977 0.001872 0.001765 0.001658 0.001592
0.005201 0.003690 0.002961 0.002661 0.002456 0.002245 0.002151 0.002049 0.001946 0.001842 0.001737 0.001632 0.001567
0.005139 0.003640 0.002918 0.002621 0.002419 0.002211 0.002118 0.002018 0.001916 0.001814 0.001710 0.001606 0.001542
0.005079 0.003591 0.002876 0.002583 0.002383 0.002178 0.002086 0.001987 0.001887 0.001786 0.001683 0.001581 0.001518
0.005020 0.003544 0.002834 0.002545 0.002348 0.002145 0.002054 0.001957 0.001858 0.001758 0.001657 0.001556 0.001494
0.004963 0.003497 0.002794 0.002508 0.002314 0.002113 0.002024 0.001927 0.001830 0.001731 0.001632 0.001532 0.001471
0.004906 0.003452 0.002754 0.002472 0.002280 0.002082 0.001994 0.001899 0.001802 0.001705 0.001607 0.001509 0.001448
0.004851 0.003407 0.002715 0.002437 0.002247 0.002052 0.001964 0.001871 0.001776 0.001680 0.001583 0.001486 0.001426
0.004796 0.003364 0.002678 0.002402 0.002215 0.002022 0.001936 0.001843 0.001749 0.001655 0.001559 0.001463 0.001405
0.004743 0.003321 0.002640 0.002368 0.002184 0.001993 0.001908 0.001816 0.001724 0.001630 0.001536 0.001442 0.001384
0.004690 0.003280 0.002604 0.002335 0.002153 0.001965 0.001880 0.001790 0.001698 0.001606 0.001513 0.001420 0.001363
0.004639 0.003239 0.002569 0.002303 0.002123 0.001937 0.001854 0.001764 0.001674 0.001583 0.001491 0.001399 0.001343
0.004589 0.003199 0.002534 0.002272 0.002093 0.001909 0.001827 0.001739 0.001650 0.001560 0.001469 0.001379 0.001323
0.004539 0.003160 0.002500 0.002241 0.002065 0.001883 0.001802 0.001715 0.001626 0.001538 0.001448 0.001359 0.001304
0.004490 0.003121 0.002467 0.002210 0.002036 0.001857 0.001777 0.001691 0.001603 0.001516 0.001427 0.001339 0.001285
0.004443 0.003084 0.002434 0.002181 0.002009 0.001831 0.001752 0.001667 0.001581 0.001494 0.001407 0.001320 0.001267
0.004396 0.003047 0.002402 0.002152 0.001982 0.001806 0.001728 0.001644 0.001559 0.001473 0.001387 0.001301 0.001249
0.004349 0.003011 0.002371 0.002123 0.001955 0.001782 0.001704 0.001621 0.001537 0.001453 0.001368 0.001283 0.001231
0.004304 0.002976 0.002340 0.002095 0.001929 0.001758 0.001681 0.001599 0.001516 0.001433 0.001349 0.001265 0.001214
0.004260 0.002941 0.002310 0.002068 0.001904 0.001735 0.001659 0.001578 0.001496 0.001413 0.001330 0.001247 0.001197
0.004216 0.002907 0.002281 0.002041 0.001879 0.001712 0.001637 0.001556 0.001475 0.001394 0.001312 0.001230 0.001180
