0.000000 0.000000 0.000000 0.000000 0.000000 0.000000 0.000000 0.000000 0.000000 0.000000 0.000000 0.000000 0.000000
0.000000 0.000000 0.000000 0.000000 0.000000 0.000000 0.000000 0.000000 0.000000 0.000000 0.000000 0.000000 0.000000
0.000000 0.000000 0.000000 0.000000 0.000000 0.000000 0.000000 0.000000 0.000000 0.000000 0.000000 0.000000 0.000000
0.000000 0.000000 0.000000 0.000000 0.000000 0.000000 0.000000 0.000000 0.000000 0.000000 0.000000 0.000000 0.000000
0.000000 0.000000 0.000000 0.000000 0.000000 0.000000 0.000000 0.000000 0.000000 0.000000 0.000000 0.000000 0.000000
0.000000 0.000000 0.000000 0.000000 0.000000 0.000000 0.000000 0.000000 0.000000 0.000000 0.000000 0.000000 0.000000
0.000000 0.000000 0.000000 0.000000 0.000000 0.000000 0.000000 0.000000 0.000000 0.000000 0.000000 0.000000 0.000000
0.000000 0.000000 0.000000 0.000000 0.000000 0.000000 0.000000 0.000000 0.000000 0.000000 0.000000 0.000000 0.000000
0.000000 0.000000 0.000000 0.000000 0.000000 0.000000 0.000000 0.000000 0.000000 0.000000 0.000000 0.000000 0.000000
0.000000 0.000000 0.000000 0.000000 0.000000 0.000000 0.000000 0.000000 0.000000 0.000000 0.000000 0.000000 0.000000
0.000000 0.000000 0.000000 0.000000 0.000000 0.000000 0.000000 0.000000 0.000000 0.000000 0.000000 0.000000 0.000000
0.000000 0.000000 0.000000 0.000000 0.000000 0.000000 0.000000 0.000000 0.000000 0.000000 0.000000 0.000000 0.000000
0.000000 0.000000 0.000000 0.000000 0.000000 0.000000 0.000000 0.000000 0.000000 0.000000 0.000000 0.000000 0.000000
0.000000 0.000000 0.000000 0.000000 0.000000 0.000000 0.000000 0.000000 0.000000 0.000000 0.000000 0.000000 0.000000
0.000000 0.000000 0.000000 0.000000 0.000000 0.000000 0.000000 0.000000 0.000000 0.000000 0.000000 0.000000 0.000000
0.000000 0.000000 0.000000 0.000000 0.000000 0.000000 0.000000 0.000000 0.000000 0.000000 0.000000 0.000000 0.000000
0.000000 0.000000 0.000000 0.000000 0.000000 0.000000 0.000000 0.000000 0.000000 0.000000 0.000000 0.000000 0.000000
0.000000 0.000000 0.000000 0.000000 0.000000 0.000000 0.000000 0.000000 0.000000 0.000000 0.000000 0.000000 0.000000
0.000000 0.000000 0.000000 0.000000 0.000000 0.000000 0.000000 0.000000 0.000000 0.000000 0.000000 0.000000 0.000000
0.000000 0.000000 0.000000 0.000000 0.000000 0.000000 0.000000 0.000000 0.000000 0.000000 0.000000 0.000000 0.000000
0.000000 0.000000 0.000000 0.000000 0.000000 0.000000 0.000000 0.000000 0.000000 0.000000 0.000000 0.000000 0.000000
0.000000 0.000000 0.000000 0.000000 0.000000 0.000000 0.000000 0.000000 0.000000 0.000000 0.000000 0.000000 0.000000
0.000000 0.000000 0.000000 0.000000 0.000000 0.000000 0.000000 0.000000 0.000000 0.000000 0.000000 0.000000 0.000000
0.000000 0.000000 0.000000 0.000000 0.000000 0.000000 0.000000 0.000000 0.000000 0.000000 0.000000 0.000000 0.000000
0.000000 0.000000 0.000000 0.000000 0.000000 0.000000 0.000000 0.000000 0.000000 0.000000 0.000000 0.000000 0.000000
0.000000 0.000000 0.000000 0.000000 0.000000 0.000000 0.000000 0.000000 0.000000 0.000000 0.000000 0.000000 0.000000
0.000000 0.000000 0.000000 0.000000 0.000000 0.000000 0.000000 0.000000 0.000000 0.000000 0.000000 0.000000 0.000000
0.000000 0.000000 0.000000 0.000000 0.000000 0.000000 0.000000 0.000000 0.000000 0.000000 0.000000 0.000000 0.000000
0.000000 0.000000 0.000000 0.000000 0.000000 0.000000 0.000000 0.000000 0.000000 0.000000 0.000000 0.000000 0.000000
0.000000 0.000000 0.000000 0.000000 0.000000 0.000000 0.000000 0.000000 0.000000 0.000000 0.000000 0.000000 0.000000
0.000000 0.000000 0.000000 0.000000 0.000000 0.000000 0.000000 0.000000 0.000000 0.000000 0.000000 0.000000 0.000000
0.000000 0.000000 0.000000 0.000000 0.000000 0.000000 0.000000 0.000000 0.000000 0.000000 0.000000 0.000000 0.000000
0.000000 0.000000 0.000000 0.000000 0.000000 0.000000 0.000000 0.000000 0.000000 0.000000 0.000000 0.000000 0.000000
0.000000 0.000000 0.000000 0.000000 0.000000 0.000000 0.000000 0.000000 0.000000 0.000000 0.000000 0.000000 0.000000
0.000000 0.000000 0.000000 0.000000 0.000000 0.000000 0.000000 0.000000 0.000000 0.000000 0.000000 0.000000 0.000000
0.000000 0.000000 0.000000 0.000000 0.000000 0.000000 0.000000 0.000000 0.000000 0.000000 0.000000 0.000000 0.000000
0.000000 0.000000 0.000000 0.000000 0.000000 0.000000 0.000000 0.000000 0.000000 0.000000 0.000000 0.000000 0.000000
0.000000 0.000000 0.000000 0.000000 0.000000 0.000000 0.000000 0.000000 0.000000 0.000000 0.000000 0.000000 0.000000
0.000000 0.000000 0.000000 0.000000 0.000000 0.000000 0.000000 0.000000 0.000000 0.000000 0.000000 0.000000 0.000000
0.000000 0.000000 0.000000 0.000000 0.000000 0.000000 0.000000 0.000000 0.000000 0.000000 0.000000 0.000000 0.000000
0.000000 0.000000 0.000000 0.000000 0.000000 0.000000 0.000000 0.000000 0.000000 0.000000 0.000000 0.000000 0.000000
0.000000 0.000000 0.000000 0.000000 0.000000 0.000000 0.000000 0.000000 0.000000 0.000000 0.000000 0.000000 0.000000
0.000000 0.000000 0.000000 0.000000 0.000000 0.000000 0.000000 0.000000 0.000000 0.000000 0.000000 0.000000 0.000000
0.000000 0.000000 0.000000 0.000000 0.000000 0.000000 0.000000 0.000000 0.000000 0.000000 0.000000 0.000000 0.000000
0.000000 0.000000 0.000000 0.000000 0.000000 0.000000 0.000000 0.000000 0.000000 0.000000 0.000000 0.000000 0.000000
0.000000 0.000000 0.000000 0.000000 0.000000 0.000000 0.000000 0.000000 0.000000 0.000000 0.000000 0.000000 0.000000
0.000000 0.000000 0.000000 0.000000 0.000000 0.000000 0.000000 0.000000 0.000000 0.000000 0.000000 0.000000 0.000000
0.000000 0.000000 0.000000 0.000000 0.000000 0.000000 0.000000 0.000000 0.000000 0.000000 0.000000 0.000000 0.000000
0.000000 0.000000 0.000000 0.000000 0.000000 0.000000 0.000000 0.000000 0.000000 0.000000 0.000000 0.000000 0.000000
0.000000 0.000000 0.000000 0.000000 0.000000 0.000000 0.000000 0.000000 0.000000 0.000000 0.000000 0.000000 0.000000
0.000000 0.000000 0.000000 0.000000 0.000000 0.000000 0.000000 0.000000 0.000000 0.000000 0.000000 0.000000 0.000000
0.000000 0.000000 0.000000 0.000000 0.000000 0.000000 0.000000 0.000000 0.000000 0.000000 0.000000 0.000000 0.000000
0.000000 0.000000 0.000000 0.000000 0.000000 0.000000 0.000000 0.000000 0.000000 0.000000 0.000000 0.000000 0.000000
0.000000 0.000000 0.000000 0.000000 0.000000 0.000000 0.000000 0.000000 0.000000 0.000000 0.000000 0.000000 0.000000
0.000000 0.000000 0.000000 0.000000 0.000000 0.000000 0.000000 0.000000 0.000000 0.000000 0.000000 0.000000 0.000000
0.000000 0.000000 0.000000 0.000000 0.000000 0.000000 0.000000 0.000000 0.000000 0.000000 0.000000 0.000000 0.000000
0.000000 0.000000 0.000000 0.000000 0.000000 0.000000 0.000000 0.000000 0.000000 0.000000 0.000000 0.000000 0.000000
0.000000 0.000000 0.000000 0.000000 0.000000 0.000000 0.000000 0.000000 0.000000 0.000000 0.000000 0.000000 0.000000
0.000000 0.000000 0.000000 0.000000 0.000000 0.000000 0.000000 0.000000 0.000000 0.000000 0.000000 0.000000 0.000000
0.000000 0.000000 0.000000 0.000000 0.000000 0.000000 0.000000 0.000000 0.000000 0.000000 0.000000 0.000000 0.000000
0.000000 0.000000 0.000000 0.000000 0.000000 0.000000 0.000000 0.000000 0.000000 0.000000 0.000000 0.000000 0.000000
0.000000 0.000000 0.000000 0.000000 0.000000 0.000000 0.000000 0.000000 0.000000 0.000000 0.000000 0.000000 0.000000
0.000000 0.000000 0.000000 0.000000 0.000000 0.000000 0.000000 0.000000 0.000000 0.000000 0.000000 0.000000 0.000000
0.000000 0.000000 0.000000 0.000000 0.000000 0.000000 0.000000 0.000000 0.000000 0.000000 0.000000 0.000000 0.000000
0.000000 0.000000 0.000000 0.000000 0.000000 0.000000 0.000000 0.000000 0.000000 0.000000 0.000000 0.000000 0.000000
0.000000 0.000000 0.000000 0.000000 0.000000 0.000000 0.000000 0.000000 0.000000 0.000000 0.000000 0.000000 0.000000
0.000000 0.000000 0.000000 0.000000 0.000000 0.000000 0.000000 0.000000 0.000000 0.000000 0.000000 0.000000 0.000000
0.000000 0.000000 0.000000 0.000000 0.000000 0.000000 0.000000 0.000000 0.000000 0.000000 0.000000 0.000000 0.000000
0.000000 0.000000 0.000000 0.000000 0.000000 0.000000 0.000000 0.000000 0.000000 0.000000 0.000000 0.000000 0.000000
0.000000 0.000000 0.000000 0.000000 0.000000 0.000000 0.000000 0.000000 0.000000 0.000000 0.000000 0.000000 0.000000
0.000000 0.000000 0.000000 0.000000 0.000000 0.000000 0.000000 0.000000 0.000000 0.000000 0.000000 0.000000 0.000000
0.000000 0.000000 0.000000 0.000000 0.000000 0.000000 0.000000 0.000000 0.000000 0.000000 0.000000 0.000000 0.000000
0.000000 0.000000 0.000000 0.000000 0.000000 0.000000 0.000000 0.000000 0.000000 0.000000 0.000000 0.000000 0.000000
0.000000 0.000000 0.000000 0.000000 0.000000 0.000000 0.000000 0.000000 0.000000 0.000000 0.000000 0.000000 0.000000
0.000000 0.000000 0.000000 0.000000 0.000000 0.000000 0.000000 0.000000 0.000000 0.000000 0.000000 0.000000 0.000000
0.000000 0.000000 0.000000 0.000000 0.000000 0.000000 0.000000 0.000000 0.000000 0.000000 0.000000 0.000000 0.000000
0.000000 0.000000 0.000000 0.000000 0.000000 0.000000 0.000000 0.000000 0.000000 0.000000 0.000000 0.000000 0.000000
0.000000 0.000000 0.000000 0.000000 0.000000 0.000000 0.000000 0.000000 0.000000 0.000000 0.000000 0.000000 0.000000
0.000000 0.000000 0.000000 0.000000 0.000000 0.000000 0.000000 0.000000 0.000000 0.000000 0.000000 0.000000 0.000000
0.000000 0.000000 0.000000 0.000000 0.000000 0.000000 0.000000 0.000000 0.000000 0.000000 0.000000 0.000000 0.000000
0.000000 0.000000 0.000000 0.000000 0.000000 0.000000 0.000000 0.000000 0.000000 0.000000 0.000000 0.000000 0.000000
0.000000 0.000000 0.000000 0.000000 0.000000 0.000000 0.000000 0.000000 0.000000 0.000000 0.000000 0.000000 0.000000
0.000000 0.000000 0.000000 0.000000 0.000000 0.000000 0.000000 0.000000 0.000000 0.000000 0.000000 0.000000 0.000000
0.000000 0.000000 0.000000 0.000000 0.000000 0.000000 0.000000 0.000000 0.000000 0.000000 0.000000 0.000000 0.000000
0.000000 0.000000 0.000000 0.000000 0.000000 0.000000 0.000000 0.000000 0.000000 0.000000 0.000000 0.000000 0.000000
0.000000 0.000000 0.000000 0.000000 0.000000 0.000000 0.000000 0.000000 0.000000 0.000000 0.000000 0.000000 0.000000
0.000000 0.000000 0.000000 0.000000 0.000000 0.000000 0.000000 0.000000 0.000000 0.000000 0.000000 0.000000 0.000000
0.000000 0.000000 0.000000 0.000000 0.000000 0.000000 0.000000 0.000000 0.000000 0.000000 0.000000 0.000000 0.000000
0.000000 0.000000 0.000000 0.000000 0.000000 0.000000 0.000000 0.000000 0.000000 0.000000 0.000000 0.000000 0.000000
0.000000 0.000000 0.000000 0.000000 0.000000 0.000000 0.000000 0.000000 0.000000 0.000000 0.000000 0.000000 0.000000
0.000000 0.000000 0.000000 0.000000 0.000000 0.000000 0.000000 0.000000 0.000000 0.000000 0.000000 0.000000 0.000000
0.000000 0.000000 0.000000 0.000000 0.000000 0.000000 0.000000 0.000000 0.000000 0.000000 0.000000 0.000000 0.000000
0.000000 0.000000 0.000000 0.000000 0.000000 0.000000 0.000000 0.000000 0.000000 0.000000 0.000000 0.000000 0.000000
0.000000 0.000000 0.000000 0.000000 0.000000 0.000000 0.000000 0.000000 0.000000 0.000000 0.000000 0.000000 0.000000
0.000000 0.000000 0.000000 0.000000 0.000000 0.000000 0.000000 0.000000 0.000000 0.000000 0.000000 0.000000 0.000000
0.000000 0.000000 0.000000 0.000000 0.000000 0.000000 0.000000 0.000000 0.000000 0.000000 0.000000 0.000000 0.000000
0.000000 0.000000 0.000000 0.000000 0.000000 0.000000 0.000000 0.000000 0.000000 0.000000 0.000000 0.000000 0.000000
0.000000 0.000000 0.000000 0.000000 0.000000 0.000000 0.000000 0.000000 0.000000 0.000000 0.000000 0.000000 0.000000
0.000000 0.000000 0.000000 0.000000 0.000000 0.000000 0.000000 0.000000 0.000000 0.000000 0.000000 0.000000 0.000000
0.000000 0.000000 0.000000 0.000000 0.000000 0.000000 0.000000 0.000000 0.000000 0.000000 0.000000 0.000000 0.000000
0.000000 0.000000 0.000000 0.000000 0.000000 0.000000 0.000000 0.000000 0.000000 0.000000 0.000000 0.000000 0.000000
0.000000 0.000000 0.000000 0.000000 0.000000 0.000000 0.000000 0.000000 0.000000 0.000000 0.000000 0.000000 0.000000
0.000000 0.000000 0.000000 0.000000 0.000000 0.000000 0.000000 0.000000 0.000000 0.000000 0.000000 0.000000 0.000000
0.000000 0.000000 0.000000 0.000000 0.000000 0.000000 0.000000 0.000000 0.000000 0.000000 0.000000 0.000000 0.000000
0.000000 0.000000 0.000000 0.000000 0.000000 0.000000 0.000000 0.000000 0.000000 0.000000 0.000000 0.000000 0.000000
0.000000 0.000000 0.000000 0.000000 0.000000 0.000000 0.000000 0.000000 0.000000 0.000000 0.000000 0.000000 0.000000
0.000000 0.000000 0.000000 0.000000 0.000000 0.000000 0.000000 0.000000 0.000000 0.000000 0.000000 0.000000 0.000000
0.000000 0.000000 0.000000 0.000000 0.000000 0.000000 0.000000 0.000000 0.000000 0.000000 0.000000 0.000000 0.000000
0.000000 0.000000 0.000000 0.000000 0.000000 0.000000 0.000000 0.000000 0.000000 0.000000 0.000000 0.000000 0.000000
0.000000 0.000000 0.000000 0.000000 0.000000 0.000000 0.000000 0.000000 0.000000 0.000000 0.000000 0.000000 0.000000
0.000000 0.000000 0.000000 0.000000 0.000000 0.000000 0.000000 0.000000 0.000000 0.000000 0.000000 0.000000 0.000000
0.000000 0.000000 0.000000 0.000000 0.000000 0.000000 0.000000 0.000000 0.000000 0.000000 0.000000 0.000000 0.000000
0.000000 0.000000 0.000000 0.000000 0.000000 0.000000 0.000000 0.000000 0.000000 0.000000 0.000000 0.000000 0.000000
0.000000 0.000000 0.000000 0.000000 0.000000 0.000000 0.000000 0.000000 0.000000 0.000000 0.000000 0.000000 0.000000
0.000000 0.000000 0.000000 0.000000 0.000000 0.000000 0.000000 0.000000 0.000000 0.000000 0.000000 0.000000 0.000000
0.000000 0.000000 0.000000 0.000000 0.000000 0.000000 0.000000 0.000000 0.000000 0.000000 0.000000 0.000000 0.000000
0.000000 0.000000 0.000000 0.000000 0.000000 0.000000 0.000000 0.000000 0.000000 0.000000 0.000000 0.000000 0.000000
0.000000 0.000000 0.000000 0.000000 0.000000 0.000000 0.000000 0.000000 0.000000 0.000000 0.000000 0.000000 0.000000
0.000000 0.000000 0.000000 0.000000 0.000000 0.000000 0.000000 0.000000 0.000000 0.000000 0.000000 0.000000 0.000000
0.000000 0.000000 0.000000 0.000000 0.000000 0.000000 0.000000 0.000000 0.000000 0.000000 0.000000 0.000000 0.000000
0.000000 0.000000 0.000000 0.000000 0.000000 0.000000 0.000000 0.000000 0.000000 0.000000 0.000000 0.000000 0.000000
0.000000 0.000000 0.000000 0.000000 0.000000 0.000000 0.000000 0.000000 0.000000 0.000000 0.000000 0.000000 0.000000
0.000000 0.000000 0.000000 0.000000 0.000000 0.000000 0.000000 0.000000 0.000000 0.000000 0.000000 0.000000 0.000000
0.000000 0.000000 0.000000 0.000000 0.000000 0.000000 0.000000 0.000000 0.000000 0.000000 0.000000 0.000000 0.000000
0.000000 0.000000 0.000000 0.000000 0.000000 0.000000 0.000000 0.000000 0.000000 0.000000 0.000000 0.000000 0.000000
0.000235 0.000521 0.000619 0.000672 0.000709 0.000748 0.000767 0.000787 0.000809 0.000829 0.000845 0.000865 0.000875
0.000989 0.002190 0.002601 0.002825 0.002982 0.003144 0.003226 0.003309 0.003400 0.003487 0.003555 0.003638 0.003677
0.001747 0.003870 0.004596 0.004991 0.005269 0.005556 0.005700 0.005847 0.006007 0.006161 0.006281 0.006428 0.006496
0.002513 0.005567 0.006613 0.007181 0.007581 0.007993 0.008200 0.008412 0.008642 0.008864 0.009036 0.009247 0.009346
0.003292 0.007291 0.008661 0.009406 0.009929 0.010469 0.010740 0.011017 0.011319 0.011609 0.011834 0.012111 0.012240
0.004087 0.009051 0.010751 0.011676 0.012326 0.012995 0.013332 0.013675 0.014050 0.014411 0.014689 0.015032 0.015193
0.004903 0.010855 0.012894 0.014004 0.014783 0.015586 0.015990 0.016401 0.016850 0.017282 0.017617 0.018028 0.018220
0.005744 0.012713 0.015101 0.016401 0.017314 0.018254 0.018727 0.019209 0.019735 0.020240 0.020631 0.021113 0.021338
0.006616 0.014636 0.017386 0.018882 0.019934 0.021015 0.021559 0.022114 0.022719 0.023301 0.023751 0.024305 0.024564
0.007523 0.016635 0.019760 0.021462 0.022656 0.023885 0.024503 0.025134 0.025821 0.026482 0.026993 0.027622 0.027917
0.008472 0.018723 0.022240 0.024155 0.025499 0.026881 0.027577 0.028287 0.029060 0.029803 0.030378 0.031085 0.031417
0.009469 0.020912 0.024840 0.026979 0.028481 0.030024 0.030801 0.031593 0.032456 0.033286 0.033927 0.034717 0.035087
0.010520 0.023219 0.027579 0.029954 0.031621 0.033334 0.034196 0.035076 0.036034 0.036954 0.037665 0.038542 0.038952
0.011635 0.025660 0.030477 0.033102 0.034944 0.036835 0.037787 0.038759 0.039817 0.040834 0.041619 0.042587 0.043041
0.012821 0.028253 0.033555 0.036445 0.038473 0.040555 0.041602 0.042672 0.043837 0.044955 0.045819 0.046884 0.047383
0.014089 0.031020 0.036840 0.040013 0.042239 0.044523 0.045673 0.046847 0.048125 0.049352 0.050300 0.051468 0.052015
0.015450 0.033986 0.040359 0.043835 0.046273 0.048774 0.050033 0.051320 0.052719 0.054062 0.055099 0.056378 0.056978
0.016918 0.037178 0.044146 0.047947 0.050614 0.053348 0.054725 0.056132 0.057661 0.059129 0.060263 0.061661 0.062316
0.018507 0.040627 0.048237 0.052391 0.055304 0.058290 0.059794 0.061331 0.063001 0.064603 0.065842 0.067368 0.068084
0.020235 0.044371 0.052678 0.057213 0.060394 0.063653 0.065294 0.066972 0.068795 0.070544 0.071895 0.073560 0.074342
0.022122 0.048453 0.057518 0.062469 0.065942 0.069498 0.071289 0.073121 0.075110 0.077017 0.078491 0.080309 0.081161
0.024193 0.052923 0.062817 0.068223 0.072015 0.075897 0.077852 0.079851 0.082023 0.084104 0.085712 0.087696 0.088626
0.026475 0.057841 0.068645 0.074552 0.078694 0.082933 0.085069 0.087253 0.089624 0.091897 0.093653 0.095819 0.096835
0.029002 0.063275 0.075085 0.081544 0.086074 0.090708 0.093042 0.095431 0.098023 0.100507 0.102426 0.104793 0.105904
0.031814 0.069311 0.082236 0.089309 0.094268 0.099341 0.101896 0.104511 0.107348 0.110066 0.112166 0.114756 0.115972
0.034958 0.076049 0.090217 0.097974 0.103413 0.108975 0.111776 0.114644 0.117754 0.120733 0.123035 0.125874 0.127207
0.038493 0.083612 0.099173 0.107697 0.113674 0.119783 0.122861 0.126013 0.129429 0.132700 0.135229 0.138347 0.139811
0.042490 0.092147 0.109278 0.118668 0.125251 0.131979 0.135368 0.138840 0.142602 0.146203 0.148986 0.152420 0.154032
0.047037 0.101838 0.120750 0.131122 0.138394 0.145822 0.149565 0.153400 0.157553 0.161529 0.164601 0.168393 0.170172
0.052241 0.112913 0.133856 0.145350 0.153408 0.161637 0.165783 0.170033 0.174634 0.179036 0.182440 0.186638 0.188610
0.058240 0.125656 0.148934 0.161718 0.170679 0.179829 0.184439 0.189165 0.194281 0.199175 0.202958 0.207626 0.209818
0.065205 0.140430 0.166410 0.180688 0.190697 0.200913 0.206060 0.211339 0.217051 0.222513 0.226736 0.231947 0.234394
0.073360 0.157696 0.186831 0.202853 0.214085 0.225546 0.231322 0.237246 0.243654 0.249779 0.254517 0.260362 0.263107
0.082992 0.178055 0.210905 0.228984 0.241657 0.254585 0.261101 0.267785 0.275013 0.281921 0.287263 0.293855 0.296952
0.094479 0.202299 0.239566 0.260092 0.274481 0.289154 0.296550 0.304139 0.312342 0.320181 0.326244 0.333725 0.337240
0.108331 0.231483 0.274062 0.297531 0.313983 0.330756 0.339211 0.347888 0.357266 0.366224 0.373153 0.381703 0.385721
0.125235 0.267044 0.316085 0.343139 0.362104 0.381433 0.391178 0.401181 0.411987 0.422307 0.430291 0.440143 0.444773
0.146149 0.310971 0.367984 0.399462 0.421529 0.444013 0.455350 0.466989 0.479559 0.491561 0.500847 0.512305 0.517691
0.172426 0.366075 0.433076 0.470100 0.496056 0.522495 0.535828 0.549519 0.564299 0.578409 0.589326 0.602798 0.609131
0.206028 0.436429 0.516164 0.560266 0.591184 0.622668 0.638547 0.654856 0.672457 0.689255 0.702254 0.718294 0.725835
0.249874 0.528088 0.624393 0.677708 0.715086 0.753139 0.772333 0.792051 0.813324 0.833621 0.849330 0.868713 0.877828
0.308439 0.650324 0.768697 0.834292 0.880280 0.927085 0.950697 0.974959 1.001125 1.026084 1.045404 1.069243 1.080454
0.388810 0.817811 0.966378 1.048787 1.106565 1.165354 1.195015 1.225499 1.258364 1.289705 1.313969 1.343907 1.357988
0.502616 1.054592 1.245788 1.351950 1.426384 1.502102 1.540310 1.579583 1.621912 1.662268 1.693516 1.732068 1.750204
0.669618 1.401479 1.655039 1.795976 1.894795 1.995293 2.046013 2.098157 2.154338 2.207888 2.249358 2.300521 2.324591
0.924342 1.929668 2.278045 2.471891 2.607814 2.746011 2.815767 2.887496 2.964751 3.038371 3.095393 3.165739 3.198838
1.326889 2.762832 3.260531 3.537769 3.732175 3.929784 4.029545 4.132144 4.242612 4.347857 4.429385 4.529959 4.577288
1.970201 4.091471 4.826851 5.236948 5.524534 5.816787 5.964351 6.116140 6.279516 6.435129 6.555695 6.704419 6.774414
2.919456 6.046446 7.130686 7.736032 8.160563 8.591879 8.809694 9.033784 9.274898 9.504503 9.682426 9.901887 10.005187
3.882515 8.019014 9.453554 10.255430 10.817822 11.389066 11.677595 11.974484 12.293821 12.597843 12.833472 13.124094 13.260905
3.971719 8.180433 9.640282 10.457299 11.030348 11.612280 11.906258 12.208805 12.534116 12.843756 13.083779 13.379800 13.519170
3.082945 6.331906 7.459048 8.090651 8.533684 8.983480 9.210746 9.444675 9.696120 9.935397 10.120909 10.349686 10.457408
2.107134 4.315318 5.081519 5.511416 5.812986 6.119090 6.273782 6.433034 6.604153 6.766953 6.893196 7.048867 7.122176
1.425035 2.909911 3.425221 3.714728 3.917832 4.123943 4.228122 4.335388 4.450609 4.560204 4.645204 4.750010 4.799371
0.994817 2.025408 2.383120 2.584356 2.725545 2.868793 2.941211 3.015788 3.095867 3.172019 3.231093 3.303925 3.338230
0.722329 1.466229 1.724471 1.869949 1.972026 2.075569 2.127926 2.181850 2.239734 2.294766 2.337465 2.390104 2.414900
0.543836 1.100562 1.293855 1.402898 1.479417 1.557018 1.596265 1.636693 1.680075 1.721310 1.753311 1.792756 1.811340
0.422328 0.852037 1.001251 1.085549 1.144709 1.204693 1.235036 1.266297 1.299831 1.331698 1.356434 1.386921 1.401286
0.336582 0.676933 0.795133 0.862008 0.908946 0.956527 0.980602 1.005407 1.032008 1.057281 1.076902 1.101082 1.112477
0.274126 0.549583 0.645258 0.699471 0.737525 0.776093 0.795611 0.815725 0.837287 0.857768 0.873672 0.893270 0.902506
0.227369 0.454388 0.533249 0.578002 0.609420 0.641256 0.657370 0.673979 0.691777 0.708680 0.721808 0.737983 0.745607
0.191529 0.381528 0.447537 0.485055 0.511397 0.538084 0.551595 0.565523 0.580443 0.594609 0.605614 0.619171 0.625562
0.163491 0.324613 0.380595 0.412466 0.434845 0.457513 0.468992 0.480826 0.493499 0.505530 0.514878 0.526392 0.531820
0.141164 0.279358 0.327378 0.354761 0.373992 0.393466 0.403331 0.413502 0.424390 0.434723 0.442755 0.452646 0.457310
0.123107 0.242813 0.284413 0.308174 0.324863 0.341761 0.350323 0.359151 0.368599 0.377563 0.384532 0.393114 0.397160
0.108304 0.212898 0.249248 0.270047 0.284657 0.299448 0.306943 0.314673 0.322942 0.330787 0.336887 0.344398 0.347939
0.096022 0.188112 0.220120 0.238466 0.251354 0.264400 0.271012 0.277833 0.285127 0.292045 0.297426 0.304049 0.307173
0.085721 0.167355 0.195731 0.212024 0.223472 0.235058 0.240932 0.246991 0.253468 0.259611 0.264390 0.270271 0.273046
0.076998 0.149806 0.175114 0.189673 0.199904 0.210256 0.215505 0.220921 0.226709 0.232197 0.236467 0.241722 0.244201
0.069548 0.134838 0.157535 0.170616 0.179809 0.189110 0.193827 0.198695 0.203895 0.208825 0.212662 0.217382 0.219609
0.063135 0.121974 0.142429 0.154240 0.162542 0.170940 0.175201 0.179597 0.184293 0.188743 0.192208 0.196469 0.198480
0.057576 0.110839 0.129356 0.140068 0.147600 0.155216 0.159082 0.163071 0.167330 0.171366 0.174509 0.178373 0.180197
0.052725 0.101137 0.117969 0.127725 0.134585 0.141522 0.145044 0.148678 0.152557 0.156232 0.159094 0.162614 0.164275
0.048468 0.092636 0.107991 0.116910 0.123183 0.129524 0.132745 0.136068 0.139615 0.142973 0.145590 0.148808 0.150326
0.044711 0.085144 0.099202 0.107384 0.113139 0.118956 0.121911 0.124961 0.128214 0.131295 0.133696 0.136647 0.138040
0.041379 0.078511 0.091421 0.098950 0.104247 0.109600 0.112320 0.115128 0.118123 0.120957 0.123167 0.125882 0.127164
0.038411 0.072610 0.084500 0.091449 0.096338 0.101280 0.103791 0.106384 0.109148 0.111763 0.113803 0.116310 0.117493
0.035754 0.067337 0.078317 0.084749 0.089275 0.093848 0.096173 0.098574 0.101132 0.103552 0.105441 0.107760 0.108855
0.033368 0.062608 0.072773 0.078741 0.082941 0.087184 0.089342 0.091571 0.093944 0.096190 0.097942 0.100094 0.101110
0.031216 0.058350 0.067783 0.073333 0.077240 0.081187 0.083194 0.085268 0.087475 0.089564 0.091194 0.093195 0.094140
0.029269 0.054504 0.063276 0.068449 0.072091 0.075770 0.077642 0.079575 0.081633 0.083580 0.085099 0.086965 0.087845
0.027501 0.051017 0.059192 0.064023 0.067426 0.070862 0.072611 0.074418 0.076340 0.078158 0.079578 0.081320 0.082143
0.025892 0.047848 0.055479 0.060001 0.063186 0.066402 0.068040 0.069731 0.071530 0.073231 0.074560 0.076190 0.076960
0.024422 0.044959 0.052096 0.056335 0.059322 0.062337 0.063873 0.065459 0.067146 0.068741 0.069987 0.071516 0.072238
0.023077 0.042318 0.049004 0.052985 0.055790 0.058623 0.060066 0.061556 0.063141 0.064638 0.065809 0.067244 0.067922
0.021842 0.039897 0.046171 0.049916 0.052555 0.055219 0.056577 0.057980 0.059471 0.060879 0.061981 0.063331 0.063969
0.020705 0.037674 0.043569 0.047097 0.049584 0.052094 0.053374 0.054696 0.056101 0.057428 0.058466 0.059738 0.060339
0.019657 0.035627 0.041174 0.044502 0.046850 0.049218 0.050426 0.051674 0.053000 0.054251 0.055231 0.056431 0.056998
0.018689 0.033738 0.038965 0.042109 0.044327 0.046565 0.047707 0.048887 0.050139 0.051322 0.052248 0.053381 0.053917
0.017792 0.031992 0.036923 0.039897 0.041996 0.044113 0.045194 0.046311 0.047495 0.048614 0.049491 0.050563 0.051070
0.016960 0.030374 0.035032 0.037849 0.039837 0.041843 0.042867 0.043925 0.045048 0.046107 0.046938 0.047953 0.048434
0.016186 0.028873 0.033278 0.035949 0.037835 0.039737 0.040708 0.041712 0.042777 0.043782 0.044569 0.045533 0.045988
0.015466 0.027478 0.031647 0.034183 0.035974 0.037780 0.038703 0.039656 0.040667 0.041621 0.042369 0.043283 0.043716
0.014794 0.026179 0.030129 0.032539 0.034241 0.035958 0.036835 0.037742 0.038703 0.039609 0.040321 0.041190 0.041601
0.014166 0.024967 0.028714 0.031007 0.032626 0.034259 0.035095 0.035957 0.036872 0.037734 0.038411 0.039238 0.039629
0.013579 0.023835 0.027392 0.029576 0.031118 0.032674 0.033469 0.034291 0.035162 0.035983 0.036628 0.037416 0.037788
0.013029 0.022777 0.026157 0.028237 0.029708 0.031191 0.031949 0.032733 0.033563 0.034346 0.034961 0.035712 0.036067
0.012512 0.021785 0.024999 0.026984 0.028387 0.029802 0.030526 0.031275 0.032067 0.032814 0.033400 0.034117 0.034455
0.012027 0.020855 0.023914 0.025809 0.027149 0.028500 0.029192 0.029907 0.030663 0.031377 0.031937 0.032621 0.032944
0.011570 0.019981 0.022895 0.024706 0.025987 0.027278 0.027940 0.028623 0.029346 0.030028 0.030564 0.031217 0.031526
0.011140 0.019160 0.021937 0.023669 0.024894 0.026129 0.026762 0.027416 0.028108 0.028760 0.029273 0.029898 0.030193
0.010735 0.018387 0.021036 0.022693 0.023866 0.025048 0.025654 0.026281 0.026943 0.027567 0.028058 0.028656 0.028939
0.010352 0.017658 0.020187 0.021774 0.022897 0.024030 0.024611 0.025211 0.025845 0.026443 0.026913 0.027486 0.027757
0.009990 0.016971 0.019386 0.020907 0.021984 0.023070 0.023626 0.024202 0.024810 0.025383 0.025834 0.026383 0.026643
0.009648 0.016322 0.018629 0.020088 0.021121 0.022163 0.022697 0.023250 0.023833 0.024382 0.024815 0.025342 0.025591
0.009323 0.015708 0.017914 0.019314 0.020306 0.021306 0.021819 0.022349 0.022910 0.023437 0.023853 0.024358 0.024597
0.009016 0.015127 0.017238 0.018582 0.019535 0.020495 0.020988 0.021498 0.022036 0.022543 0.022942 0.023428 0.023657
0.008724 0.014577 0.016598 0.017889 0.018805 0.019728 0.020202 0.020692 0.021209 0.021696 0.022080 0.022547 0.022767
0.008447 0.014055 0.015991 0.017232 0.018113 0.019000 0.019457 0.019928 0.020425 0.020893 0.021263 0.021712 0.021924
0.008183 0.013560 0.015415 0.016609 0.017457 0.018310 0.018750 0.019203 0.019682 0.020132 0.020488 0.020920 0.021124
0.007933 0.013090 0.014868 0.016018 0.016834 0.017656 0.018078 0.018515 0.018976 0.019410 0.019752 0.020168 0.020365
0.007694 0.012643 0.014349 0.015456 0.016241 0.017033 0.017441 0.017862 0.018306 0.018723 0.019054 0.019454 0.019643
0.007466 0.012218 0.013855 0.014921 0.015679 0.016442 0.016835 0.017241 0.017668 0.018071 0.018389 0.018775 0.018957
0.007249 0.011814 0.013385 0.014412 0.015143 0.015879 0.016258 0.016649 0.017062 0.017450 0.017757 0.018129 0.018305
0.007042 0.011428 0.012937 0.013928 0.014633 0.015343 0.015708 0.016086 0.016484 0.016859 0.017155 0.017514 0.017683
0.006844 0.011061 0.012510 0.013467 0.014147 0.014832 0.015185 0.015550 0.015934 0.016295 0.016581 0.016928 0.017091
0.006655 0.010710 0.012103 0.013026 0.013683 0.014345 0.014686 0.015038 0.015409 0.015758 0.016034 0.016369 0.016527
0.006474 0.010376 0.011715 0.012606 0.013241 0.013880 0.014209 0.014550 0.014909 0.015245 0.015513 0.015835 0.015988
0.006301 0.010056 0.011344 0.012205 0.012818 0.013436 0.013755 0.014084 0.014430 0.014756 0.015014 0.015326 0.015474
0.006135 0.009751 0.010989 0.011822 0.012415 0.013012 0.013320 0.013639 0.013974 0.014288 0.014538 0.014840 0.014983
0.005976 0.009458 0.010651 0.011455 0.012029 0.012606 0.012905 0.013213 0.013537 0.013841 0.014083 0.014375 0.014513
0.005823 0.009179 0.010326 0.011105 0.011659 0.012218 0.012507 0.012806 0.013119 0.013414 0.013648 0.013930 0.014064
0.005677 0.008911 0.010016 0.010769 0.011306 0.011847 0.012127 0.012416 0.012719 0.013004 0.013231 0.013504 0.013634
0.005537 0.008654 0.009719 0.010448 0.010968 0.011491 0.011762 0.012042 0.012336 0.012612 0.012832 0.013097 0.013222
0.005402 0.008408 0.009434 0.010140 0.010643 0.011151 0.011413 0.011685 0.011969 0.012237 0.012450 0.012706 0.012827
0.005272 0.008172 0.009160 0.009844 0.010332 0.010824 0.011079 0.011341 0.011618 0.011877 0.012083 0.012331 0.012449
0.005147 0.007946 0.008898 0.009561 0.010034 0.010510 0.010757 0.011012 0.011280 0.011531 0.011731 0.011972 0.012086
0.005027 0.007728 0.008647 0.009289 0.009748 0.010210 0.010449 0.010697 0.010956 0.011200 0.011394 0.011627 0.011738
0.004912 0.007519 0.008405 0.009028 0.009473 0.009921 0.010153 0.010393 0.010645 0.010882 0.011070 0.011296 0.011403
0.004800 0.007318 0.008173 0.008777 0.009208 0.009643 0.009869 0.010102 0.010347 0.010576 0.010759 0.010978 0.011082
0.004693 0.007125 0.007950 0.008535 0.008955 0.009377 0.009596 0.009822 0.010059 0.010282 0.010460 0.010673 0.010774
0.004589 0.006940 0.007735 0.008303 0.008710 0.009120 0.009333 0.009553 0.009783 0.009999 0.010172 0.010379 0.010477
0.004490 0.006761 0.007528 0.008080 0.008475 0.008874 0.009080 0.009294 0.009518 0.009728 0.009895 0.010096 0.010191
0.004393 0.006589 0.007330 0.007865 0.008249 0.008636 0.008837 0.009045 0.009262 0.009466 0.009629 0.009824 0.009917
0.004300 0.006423 0.007138 0.007659 0.008032 0.008407 0.008603 0.008805 0.009016 0.009214 0.009373 0.009562 0.009652
0.004211 0.006263 0.006954 0.007459 0.007822 0.008187 0.008377 0.008574 0.008779 0.008972 0.009126 0.009310 0.009397
0.004124 0.006109 0.006776 0.007267 0.007620 0.007975 0.008160 0.008351 0.008551 0.008738 0.008888 0.009067 0.009152
0.004040 0.005960 0.006604 0.007082 0.007425 0.007770 0.007950 0.008136 0.008330 0.008513 0.008659 0.008833 0.008915
0.003959 0.005817 0.006439 0.006903 0.007237 0.007573 0.007748 0.007929 0.008118 0.008295 0.008437 0.008607 0.008687
0.003880 0.005678 0.006280 0.006731 0.007056 0.007383 0.007553 0.007729 0.007913 0.008086 0.008224 0.008389 0.008467
0.003804 0.005545 0.006126 0.006565 0.006881 0.007199 0.007365 0.007536 0.007715 0.007883 0.008018 0.008179 0.008254
0.003731 0.005416 0.005977 0.006404 0.006712 0.007022 0.007183 0.007350 0.007525 0.007688 0.007819 0.007976 0.008049
0.003660 0.005291 0.005833 0.006249 0.006549 0.006850 0.007008 0.007170 0.007340 0.007499 0.007627 0.007779 0.007851
0.003591 0.005170 0.005695 0.006099 0.006391 0.006685 0.006838 0.006997 0.007162 0.007317 0.007442 0.007590 0.007660
0.003524 0.005054 0.005560 0.005954 0.006239 0.006525 0.006675 0.006829 0.006990 0.007141 0.007263 0.007407 0.007475
0.003459 0.004941 0.005431 0.005814 0.006091 0.006370 0.006516 0.006666 0.006824 0.006971 0.007089 0.007230 0.007296
0.003396 0.004832 0.005305 0.005679 0.005949 0.006221 0.006363 0.006509 0.006663 0.006806 0.006922 0.007059 0.007123
0.003335 0.004726 0.005184 0.005548 0.005811 0.006076 0.006215 0.006358 0.006507 0.006647 0.006760 0.006893 0.006956
0.003276 0.004624 0.005066 0.005421 0.005677 0.005936 0.006071 0.006211 0.006356 0.006493 0.006603 0.006733 0.006794
0.003218 0.004525 0.004952 0.005298 0.005548 0.005800 0.005932 0.006068 0.006210 0.006343 0.006451 0.006578 0.006638
0.003163 0.004429 0.004842 0.005179 0.005423 0.005669 0.005798 0.005931 0.006069 0.006199 0.006304 0.006428 0.006486
0.003108 0.004336 0.004735 0.005064 0.005302 0.005542 0.005668 0.005797 0.005932 0.006059 0.006161 0.006282 0.006339
0.003056 0.004245 0.004632 0.004952 0.005185 0.005419 0.005541 0.005668 0.005800 0.005923 0.006023 0.006141 0.006197
0.003004 0.004158 0.004532 0.004844 0.005071 0.005299 0.005419 0.005543 0.005671 0.005792 0.005890 0.006005 0.006059
0.002954 0.004073 0.004434 0.004739 0.004960 0.005183 0.005301 0.005421 0.005547 0.005665 0.005760 0.005873 0.005925
0.002906 0.003991 0.004340 0.004637 0.004853 0.005071 0.005186 0.005303 0.005426 0.005541 0.005634 0.005744 0.005796
0.002859 0.003911 0.004249 0.004539 0.004750 0.004962 0.005074 0.005189 0.005309 0.005421 0.005512 0.005620 0.005670
0.002813 0.003833 0.004160 0.004443 0.004649 0.004857 0.004966 0.005078 0.005196 0.005305 0.005394 0.005499 0.005548
0.002768 0.003758 0.004074 0.004350 0.004551 0.004754 0.004861 0.004971 0.005085 0.005192 0.005279 0.005382 0.005430
0.002725 0.003685 0.003990 0.004260 0.004456 0.004654 0.004759 0.004866 0.004978 0.005083 0.005168 0.005268 0.005315
0.002682 0.003614 0.003909 0.004172 0.004364 0.004558 0.004660 0.004765 0.004874 0.004977 0.005060 0.005158 0.005203
0.002641 0.003545 0.003830 0.004087 0.004275 0.004464 0.004564 0.004666 0.004773 0.004873 0.004955 0.005050 0.005095
0.002601 0.003478 0.003753 0.004004 0.004188 0.004373 0.004470 0.004571 0.004675 0.004773 0.004853 0.004946 0.004990
0.002562 0.003412 0.003678 0.003924 0.004103 0.004284 0.004380 0.004478 0.004580 0.004676 0.004754 0.004845 0.004888
0.002524 0.003349 0.003606 0.003846 0.004021 0.004198 0.004291 0.004387 0.004488 0.004581 0.004657 0.004747 0.004788
0.002486 0.003287 0.003535 0.003770 0.003941 0.004114 0.004206 0.004300 0.004398 0.004489 0.004564 0.004651 0.004692
0.002450 0.003227 0.003467 0.003696 0.003864 0.004033 0.004122 0.004214 0.004310 0.004399 0.004473 0.004558 0.004598
0.002414 0.003169 0.003400 0.003624 0.003788 0.003954 0.004041 0.004131 0.004225 0.004312 0.004384 0.004468 0.004507
0.002380 0.003112 0.003335 0.003554 0.003715 0.003877 0.003962 0.004050 0.004142 0.004228 0.004298 0.004380 0.004418
0.002346 0.003056 0.003272 0.003486 0.003643 0.003802 0.003886 0.003972 0.004062 0.004145 0.004214 0.004294 0.004331
0.002313 0.003002 0.003211 0.003420 0.003574 0.003729 0.003811 0.003895 0.003983 0.004065 0.004132 0.004211 0.004247
0.002281 0.002950 0.003151 0.003356 0.003506 0.003658 0.003738 0.003821 0.003907 0.003987 0.004053 0.004130 0.004165
0.002249 0.002899 0.003093 0.003293 0.003440 0.003589 0.003667 0.003748 0.003833 0.003911 0.003976 0.004051 0.004086
0.002219 0.002849 0.003036 0.003232 0.003376 0.003521 0.003599 0.003678 0.003760 0.003837 0.003901 0.003974 0.004008
0.002189 0.002800 0.002981 0.003172 0.003313 0.003456 0.003531 0.003609 0.003690 0.003765 0.003827 0.003899 0.003933
0.002159 0.002753 0.002927 0.003114 0.003252 0.003392 0.003466 0.003542 0.003621 0.003695 0.003756 0.003826 0.003859
0.002130 0.002707 0.002874 0.003058 0.003193 0.003330 0.003402 0.003477 0.003554 0.003627 0.003686 0.003755 0.003787
0.002102 0.002662 0.002823 0.003003 0.003135 0.003269 0.003340 0.003413 0.003489 0.003560 0.003619 0.003686 0.003718
0.002075 0.002618 0.002773 0.002949 0.003079 0.003210 0.003280 0.003351 0.003426 0.003495 0.003553 0.003619 0.003649
0.002048 0.002575 0.002725 0.002896 0.003024 0.003152 0.003221 0.003291 0.003364 0.003432 0.003488 0.003553 0.003583
0.002022 0.002533 0.002677 0.002845 0.002970 0.003096 0.003163 0.003232 0.003303 0.003370 0.003425 0.003489 0.003518
0.001996 0.002492 0.002631 0.002796 0.002918 0.003041 0.003107 0.003175 0.003245 0.003310 0.003364 0.003426 0.003455
0.001971 0.002452 0.002586 0.002747 0.002867 0.002988 0.003052 0.003118 0.003187 0.003251 0.003304 0.003366 0.003394
0.001946 0.002413 0.002542 0.002700 0.002817 0.002936 0.002999 0.003064 0.003131 0.003194 0.003246 0.003306 0.003334
0.001922 0.002375 0.002499 0.002653 0.002769 0.002885 0.002947 0.003010 0.003077 0.003138 0.003189 0.003248 0.003275
0.001899 0.002338 0.002457 0.002608 0.002721 0.002835 0.002896 0.002958 0.003023 0.003084 0.003134 0.003191 0.003218
0.001875 0.002302 0.002416 0.002564 0.002675 0.002787 0.002846 0.002908 0.002971 0.003031 0.003080 0.003136 0.003162
0.001853 0.002267 0.002376 0.002521 0.002630 0.002739 0.002798 0.002858 0.002920 0.002979 0.003027 0.003082 0.003108
0.001831 0.002232 0.002337 0.002479 0.002586 0.002693 0.002751 0.002809 0.002871 0.002928 0.002975 0.003030 0.003055
0.001809 0.002198 0.002299 0.002438 0.002542 0.002648 0.002704 0.002762 0.002822 0.002878 0.002925 0.002978 0.003003
0.001787 0.002165 0.002261 0.002398 0.002500 0.002604 0.002659 0.002716 0.002775 0.002830 0.002876 0.002928 0.002952
0.001767 0.002133 0.002225 0.002359 0.002459 0.002561 0.002615 0.002671 0.002729 0.002783 0.002828 0.002879 0.002902
0.001746 0.002102 0.002189 0.002320 0.002419 0.002519 0.002572 0.002627 0.002683 0.002737 0.002781 0.002831 0.002854
0.001726 0.002071 0.002155 0.002283 0.002380 0.002478 0.002530 0.002584 0.002639 0.002691 0.002735 0.002784 0.002807
0.001706 0.002041 0.002121 0.002246 0.002341 0.002437 0.002489 0.002542 0.002596 0.002647 0.002690 0.002738 0.002761
0.001687 0.002011 0.002087 0.002211 0.002304 0.002398 0.002449 0.002500 0.002554 0.002604 0.002646 0.002694 0.002715
0.001668 0.001982 0.002055 0.002176 0.002267 0.002360 0.002409 0.002460 0.002513 0.002562 0.002603 0.002650 0.002671
0.001649 0.001954 0.002023 0.002142 0.002231 0.002322 0.002371 0.002421 0.002473 0.002521 0.002561 0.002607 0.002628
0.001631 0.001926 0.001992 0.002108 0.002196 0.002285 0.002333 0.002382 0.002433 0.002481 0.002520 0.002566 0.002586
0.001613 0.001899 0.001962 0.002075 0.002162 0.002249 0.002297 0.002345 0.002395 0.002441 0.002480 0.002525 0.002545
0.001596 0.001873 0.001932 0.002043 0.002129 0.002214 0.002261 0.002308 0.002357 0.002403 0.002441 0.002485 0.002504
0.001578 0.001847 0.001903 0.002012 0.002096 0.002180 0.002225 0.002272 0.002320 0.002365 0.002403 0.002446 0.002465
0.001561 0.001822 0.001874 0.001982 0.002064 0.002146 0.002191 0.002237 0.002284 0.002328 0.002365 0.002407 0.002426
0.001545 0.001797 0.001846 0.001952 0.002032 0.002113 0.002157 0.002202 0.002249 0.002292 0.002329 0.002370 0.002389
0.001528 0.001773 0.001819 0.001922 0.002001 0.002081 0.002124 0.002169 0.002214 0.002257 0.002293 0.002333 0.002352
0.001512 0.001749 0.001792 0.001894 0.001971 0.002050 0.002092 0.002136 0.002180 0.002222 0.002258 0.002298 0.002315
0.001496 0.001725 0.001766 0.001865 0.001942 0.002019 0.002061 0.002103 0.002147 0.002189 0.002223 0.002262 0.002280
0.001481 0.001702 0.001740 0.001838 0.001913 0.001989 0.002030 0.002072 0.002115 0.002155 0.002190 0.002228 0.002245
0.001465 0.001680 0.001715 0.001811 0.001885 0.001959 0.001999 0.002041 0.002083 0.002123 0.002157 0.002194 0.002211
0.001450 0.001658 0.001691 0.001785 0.001857 0.001930 0.001970 0.002010 0.002052 0.002091 0.002124 0.002162 0.002178
0.001436 0.001637 0.001667 0.001759 0.001830 0.001902 0.001941 0.001981 0.002022 0.002060 0.002093 0.002129 0.002146
0.001421 0.001616 0.001643 0.001733 0.001803 0.001874 0.001912 0.001951 0.001992 0.002030 0.002062 0.002098 0.002114
0.001407 0.001595 0.001620 0.001709 0.001777 0.001847 0.001884 0.001923 0.001963 0.002000 0.002031 0.002067 0.002083
0.001393 0.001575 0.001597 0.001684 0.001752 0.001820 0.001857 0.001895 0.001934 0.001971 0.002002 0.002037 0.002052
0.001379 0.001555 0.001575 0.001660 0.001727 0.001794 0.001830 0.001868 0.001906 0.001942 0.001973 0.002007 0.002022
0.001366 0.001535 0.001553 0.001637 0.001702 0.001768 0.001804 0.001841 0.001879 0.001914 0.001944 0.001978 0.001993
0.001352 0.001516 0.001532 0.001614 0.001678 0.001743 0.001779 0.001815 0.001852 0.001887 0.001916 0.001949 0.001964
0.001339 0.001497 0.001511 0.001592 0.001655 0.001719 0.001753 0.001789 0.001825 0.001860 0.001889 0.001921 0.001936
0.001326 0.001479 0.001491 0.001570 0.001632 0.001695 0.001729 0.001764 0.001800 0.001833 0.001862 0.001894 0.001908
0.001313 0.001461 0.001470 0.001548 0.001609 0.001671 0.001704 0.001739 0.001774 0.001807 0.001836 0.001867 0.001881
0.001301 0.001443 0.001451 0.001527 0.001587 0.001648 0.001681 0.001714 0.001749 0.001782 0.001810 0.001841 0.001854
0.001289 0.001426 0.001431 0.001506 0.001565 0.001625 0.001657 0.001691 0.001725 0.001757 0.001784 0.001815 0.001828
0.001276 0.001409 0.001412 0.001486 0.001544 0.001603 0.001635 0.001667 0.001701 0.001733 0.001760 0.001790 0.001803
0.001264 0.001392 0.001394 0.001466 0.001523 0.001581 0.001612 0.001644 0.001678 0.001709 0.001735 0.001765 0.001778
0.001253 0.001376 0.001375 0.001446 0.001502 0.001559 0.001590 0.001622 0.001655 0.001685 0.001711 0.001741 0.001753
0.001241 0.001359 0.001358 0.001427 0.001482 0.001538 0.001569 0.001600 0.001632 0.001662 0.001688 0.001717 0.001729
0.001230 0.001344 0.001340 0.001408 0.001463 0.001518 0.001548 0.001578 0.001610 0.001640 0.001665 0.001693 0.001705
0.001218 0.001328 0.001323 0.001390 0.001443 0.001497 0.001527 0.001557 0.001588 0.001618 0.001642 0.001670 0.001682
0.001207 0.001313 0.001306 0.001371 0.001424 0.001477 0.001507 0.001536 0.001567 0.001596 0.001620 0.001648 0.001659
0.001196 0.001298 0.001289 0.001354 0.001405 0.001458 0.001487 0.001516 0.001546 0.001575 0.001599 0.001626 0.001637
0.001186 0.001283 0.001273 0.001336 0.001387 0.001439 0.001467 0.001496 0.001526 0.001554 0.001577 0.001604 0.001615
0.001175 0.001269 0.001257 0.001319 0.001369 0.001420 0.001448 0.001476 0.001505 0.001533 0.001556 0.001583 0.001594
0.001165 0.001254 0.001241 0.001302 0.001351 0.001402 0.001429 0.001457 0.001486 0.001513 0.001536 0.001562 0.001573
0.001154 0.001240 0.001225 0.001285 0.001334 0.001383 0.001410 0.001438 0.001466 0.001493 0.001516 0.001541 0.001552
0.001144 0.001227 0.001210 0.001269 0.001317 0.001366 0.001392 0.001419 0.001447 0.001474 0.001496 0.001521 0.001531
0.001134 0.001213 0.001195 0.001253 0.001300 0.001348 0.001374 0.001401 0.001429 0.001454 0.001477 0.001501 0.001512
0.001124 0.001200 0.001181 0.001237 0.001284 0.001331 0.001357 0.001383 0.001410 0.001436 0.001457 0.001482 0.001492
0.001114 0.001187 0.001166 0.001222 0.001268 0.001314 0.001340 0.001365 0.001392 0.001417 0.001439 0.001463 0.001473
0.001105 0.001174 0.001152 0.001207 0.001252 0.001298 0.001323 0.001348 0.001374 0.001399 0.001420 0.001444 0.001454
0.001095 0.001162 0.001138 0.001192 0.001236 0.001281 0.001306 0.001331 0.001357 0.001381 0.001402 0.001425 0.001435
0.001086 0.001149 0.001125 0.001177 0.001221 0.001265 0.001290 0.001314 0.001340 0.001364 0.001385 0.001407 0.001417
0.001077 0.001137 0.001111 0.001163 0.001206 0.001250 0.001274 0.001298 0.001323 0.001347 0.001367 0.001390 0.001399
0.001068 0.001125 0.001098 0.001149 0.001191 0.001234 0.001258 0.001282 0.001307 0.001330 0.001350 0.001372 0.001381
0.001059 0.001113 0.001085 0.001135 0.001177 0.001219 0.001242 0.001266 0.001290 0.001313 0.001333 0.001355 0.001364
0.001050 0.001102 0.001072 0.001121 0.001162 0.001204 0.001227 0.001250 0.001274 0.001297 0.001317 0.001338 0.001347
0.001041 0.001090 0.001060 0.001108 0.001148 0.001189 0.001212 0.001235 0.001259 0.001281 0.001300 0.001321 0.001330
0.001032 0.001079 0.001047 0.001095 0.001135 0.001175 0.001197 0.001220 0.001243 0.001265 0.001284 0.001305 0.001314
0.001024 0.001068 0.001035 0.001082 0.001121 0.001161 0.001183 0.001205 0.001228 0.001250 0.001269 0.001289 0.001298
0.001016 0.001057 0.001023 0.001069 0.001108 0.001147 0.001169 0.001191 0.001213 0.001235 0.001253 0.001273 0.001282
0.001007 0.001047 0.001012 0.001056 0.001095 0.001133 0.001155 0.001176 0.001199 0.001220 0.001238 0.001258 0.001266
0.000999 0.001036 0.001000 0.001044 0.001082 0.001120 0.001141 0.001162 0.001184 0.001205 0.001223 0.001243 0.001251
0.000991 0.001026 0.000989 0.001032 0.001069 0.001107 0.001127 0.001148 0.001170 0.001191 0.001208 0.001228 0.001236
0.000983 0.001016 0.000978 0.001020 0.001057 0.001094 0.001114 0.001135 0.001156 0.001176 0.001194 0.001213 0.001221
0.000975 0.001006 0.000967 0.001008 0.001044 0.001081 0.001101 0.001121 0.001143 0.001163 0.001180 0.001199 0.001206
0.000967 0.000996 0.000956 0.000997 0.001032 0.001068 0.001088 0.001108 0.001129 0.001149 0.001166 0.001184 0.001192
0.000960 0.000986 0.000945 0.000985 0.001020 0.001056 0.001075 0.001095 0.001116 0.001135 0.001152 0.001170 0.001178
0.000952 0.000977 0.000935 0.000974 0.001009 0.001044 0.001063 0.001083 0.001103 0.001122 0.001139 0.001157 0.001164
0.000944 0.000967 0.000925 0.000963 0.000997 0.001032 0.001051 0.001070 0.001090 0.001109 0.001125 0.001143 0.001150
0.000937 0.000958 0.000915 0.000952 0.000986 0.001020 0.001039 0.001058 0.001078 0.001096 0.001112 0.001130 0.001137
0.000930 0.000949 0.000905 0.000942 0.000975 0.001008 0.001027 0.001046 0.001065 0.001083 0.001099 0.001117 0.001124
0.000922 0.000940 0.000895 0.000931 0.000964 0.000997 0.001015 0.001034 0.001053 0.001071 0.001087 0.001104 0.001111
0.000915 0.000931 0.000885 0.000921 0.000953 0.000986 0.001004 0.001022 0.001041 0.001059 0.001074 0.001091 0.001098
0.000908 0.000922 0.000876 0.000911 0.000943 0.000975 0.000992 0.001010 0.001029 0.001047 0.001062 0.001079 0.001085
0.000901 0.000914 0.000866 0.000901 0.000932 0.000964 0.000981 0.000999 0.001018 0.001035 0.001050 0.001067 0.001073
0.000894 0.000905 0.000857 0.000891 0.000922 0.000953 0.000970 0.000988 0.001006 0.001023 0.001038 0.001054 0.001061
0.000887 0.000897 0.000848 0.000881 0.000912 0.000943 0.000960 0.000977 0.000995 0.001012 0.001026 0.001043 0.001049
0.000881 0.000889 0.000839 0.000872 0.000902 0.000932 0.000949 0.000966 0.000984 0.001000 0.001015 0.001031 0.001037
0.000874 0.000881 0.000830 0.000863 0.000892 0.000922 0.000939 0.000955 0.000973 0.000989 0.001004 0.001019 0.001025
0.000867 0.000873 0.000822 0.000853 0.000882 0.000912 0.000928 0.000945 0.000962 0.000978 0.000993 0.001008 0.001014
0.000861 0.000865 0.000813 0.000844 0.000873 0.000902 0.000918 0.000935 0.000952 0.000968 0.000982 0.000997 0.001003
0.000854 0.000857 0.000805 0.000835 0.000864 0.000892 0.000908 0.000924 0.000941 0.000957 0.000971 0.000986 0.000992
0.000848 0.000850 0.000797 0.000826 0.000854 0.000883 0.000898 0.000914 0.000931 0.000947 0.000960 0.000975 0.000981
0.000842 0.000842 0.000788 0.000818 0.000845 0.000873 0.000889 0.000905 0.000921 0.000936 0.000950 0.000964 0.000970
0.000835 0.000835 0.000780 0.000809 0.000836 0.000864 0.000879 0.000895 0.000911 0.000926 0.000939 0.000954 0.000959
0.000829 0.000828 0.000773 0.000801 0.000828 0.000855 0.000870 0.000885 0.000901 0.000916 0.000929 0.000944 0.000949
