0.000000 0.000000 0.000000 0.000000 0.000000 0.000000 0.000000 0.000000 0.000000 0.000000 0.000000 0.000000 0.000000
0.000000 0.000000 0.000000 0.000000 0.000000 0.000000 0.000000 0.000000 0.000000 0.000000 0.000000 0.000000 0.000000
0.000000 0.000000 0.000000 0.000000 0.000000 0.000000 0.000000 0.000000 0.000000 0.000000 0.000000 0.000000 0.000000
0.000000 0.000000 0.000000 0.000000 0.000000 0.000000 0.000000 0.000000 0.000000 0.000000 0.000000 0.000000 0.000000
0.000000 0.000000 0.000000 0.000000 0.000000 0.000000 0.000000 0.000000 0.000000 0.000000 0.000000 0.000000 0.000000
0.000000 0.000000 0.000000 0.000000 0.000000 0.000000 0.000000 0.000000 0.000000 0.000000 0.000000 0.000000 0.000000
0.000000 0.000000 0.000000 0.000000 0.000000 0.000000 0.000000 0.000000 0.000000 0.000000 0.000000 0.000000 0.000000
0.000000 0.000000 0.000000 0.000000 0.000000 0.000000 0.000000 0.000000 0.000000 0.000000 0.000000 0.000000 0.000000
0.000000 0.000000 0.000000 0.000000 0.000000 0.000000 0.000000 0.000000 0.000000 0.000000 0.000000 0.000000 0.000000
0.000000 0.000000 0.000000 0.000000 0.000000 0.000000 0.000000 0.000000 0.000000 0.000000 0.000000 0.000000 0.000000
0.000000 0.000000 0.000000 0.000000 0.000000 0.000000 0.000000 0.000000 0.000000 0.000000 0.000000 0.000000 0.000000
0.000000 0.000000 0.000000 0.000000 0.000000 0.000000 0.000000 0.000000 0.000000 0.000000 0.000000 0.000000 0.000000
0.000000 0.000000 0.000000 0.000000 0.000000 0.000000 0.000000 0.000000 0.000000 0.000000 0.000000 0.000000 0.000000
0.000000 0.000000 0.000000 0.000000 0.000000 0.000000 0.000000 0.000000 0.000000 0.000000 0.000000 0.000000 0.000000
0.000000 0.000000 0.000000 0.000000 0.000000 0.000000 0.000000 0.000000 0.000000 0.000000 0.000000 0.000000 0.000000
0.000000 0.000000 0.000000 0.000000 0.000000 0.000000 0.000000 0.000000 0.000000 0.000000 0.000000 0.000000 0.000000
0.000000 0.000000 0.000000 0.000000 0.000000 0.000000 0.000000 0.000000 0.000000 0.000000 0.000000 0.000000 0.000000
0.000000 0.000000 0.000000 0.000000 0.000000 0.000000 0.000000 0.000000 0.000000 0.000000 0.000000 0.000000 0.000000
0.000000 0.000000 0.000000 0.000000 0.000000 0.000000 0.000000 0.000000 0.000000 0.000000 0.000000 0.000000 0.000000
0.000000 0.000000 0.000000 0.000000 0.000000 0.000000 0.000000 0.000000 0.000000 0.000000 0.000000 0.000000 0.000000
0.000000 0.000000 0.000000 0.000000 0.000000 0.000000 0.000000 0.000000 0.000000 0.000000 0.000000 0.000000 0.000000
0.000000 0.000000 0.000000 0.000000 0.000000 0.000000 0.000000 0.000000 0.000000 0.000000 0.000000 0.000000 0.000000
0.000000 0.000000 0.000000 0.000000 0.000000 0.000000 0.000000 0.000000 0.000000 0.000000 0.000000 0.000000 0.000000
0.000000 0.000000 0.000000 0.000000 0.000000 0.000000 0.000000 0.000000 0.000000 0.000000 0.000000 0.000000 0.000000
0.000000 0.000000 0.000000 0.000000 0.000000 0.000000 0.000000 0.000000 0.000000 0.000000 0.000000 0.000000 0.000000
0.000000 0.000000 0.000000 0.000000 0.000000 0.000000 0.000000 0.000000 0.000000 0.000000 0.000000 0.000000 0.000000
0.000000 0.000000 0.000000 0.000000 0.000000 0.000000 0.000000 0.000000 0.000000 0.000000 0.000000 0.000000 0.000000
0.000000 0.000000 0.000000 0.000000 0.000000 0.000000 0.000000 0.000000 0.000000 0.000000 0.000000 0.000000 0.000000
0.000000 0.000000 0.000000 0.000000 0.000000 0.000000 0.000000 0.000000 0.000000 0.000000 0.000000 0.000000 0.000000
0.000000 0.000000 0.000000 0.000000 0.000000 0.000000 0.000000 0.000000 0.000000 0.000000 0.000000 0.000000 0.000000
0.000000 0.000000 0.000000 0.000000 0.000000 0.000000 0.000000 0.000000 0.000000 0.000000 0.000000 0.000000 0.000000
0.000000 0.000000 0.000000 0.000000 0.000000 0.000000 0.000000 0.000000 0.000000 0.000000 0.000000 0.000000 0.000000
0.000000 0.000000 0.000000 0.000000 0.000000 0.000000 0.000000 0.000000 0.000000 0.000000 0.000000 0.000000 0.000000
0.000000 0.000000 0.000000 0.000000 0.000000 0.000000 0.000000 0.000000 0.000000 0.000000 0.000000 0.000000 0.000000
0.000000 0.000000 0.000000 0.000000 0.000000 0.000000 0.000000 0.000000 0.000000 0.000000 0.000000 0.000000 0.000000
0.000000 0.000000 0.000000 0.000000 0.000000 0.000000 0.000000 0.000000 0.000000 0.000000 0.000000 0.000000 0.000000
0.000000 0.000000 0.000000 0.000000 0.000000 0.000000 0.000000 0.000000 0.000000 0.000000 0.000000 0.000000 0.000000
0.000000 0.000000 0.000000 0.000000 0.000000 0.000000 0.000000 0.000000 0.000000 0.000000 0.000000 0.000000 0.000000
0.000000 0.000000 0.000000 0.000000 0.000000 0.000000 0.000000 0.000000 0.000000 0.000000 0.000000 0.000000 0.000000
0.000000 0.000000 0.000000 0.000000 0.000000 0.000000 0.000000 0.000000 0.000000 0.000000 0.000000 0.000000 0.000000
0.000000 0.000000 0.000000 0.000000 0.000000 0.000000 0.000000 0.000000 0.000000 0.000000 0.000000 0.000000 0.000000
0.000000 0.000000 0.000000 0.000000 0.000000 0.000000 0.000000 0.000000 0.000000 0.000000 0.000000 0.000000 0.000000
0.000000 0.000000 0.000000 0.000000 0.000000 0.000000 0.000000 0.000000 0.000000 0.000000 0.000000 0.000000 0.000000
0.000000 0.000000 0.000000 0.000000 0.000000 0.000000 0.000000 0.000000 0.000000 0.000000 0.000000 0.000000 0.000000
0.000000 0.000000 0.000000 0.000000 0.000000 0.000000 0.000000 0.000000 0.000000 0.000000 0.000000 0.000000 0.000000
0.000000 0.000000 0.000000 0.000000 0.000000 0.000000 0.000000 0.000000 0.000000 0.000000 0.000000 0.000000 0.000000
0.000000 0.000000 0.000000 0.000000 0.000000 0.000000 0.000000 0.000000 0.000000 0.000000 0.000000 0.000000 0.000000
0.000000 0.000000 0.000000 0.000000 0.000000 0.000000 0.000000 0.000000 0.000000 0.000000 0.000000 0.000000 0.000000
0.000000 0.000000 0.000000 0.000000 0.000000 0.000000 0.000000 0.000000 0.000000 0.000000 0.000000 0.000000 0.000000
0.000000 0.000000 0.000000 0.000000 0.000000 0.000000 0.000000 0.000000 0.000000 0.000000 0.000000 0.000000 0.000000
0.000000 0.000000 0.000000 0.000000 0.000000 0.000000 0.000000 0.000000 0.000000 0.000000 0.000000 0.000000 0.000000
0.000000 0.000000 0.000000 0.000000 0.000000 0.000000 0.000000 0.000000 0.000000 0.000000 0.000000 0.000000 0.000000
0.000000 0.000000 0.000000 0.000000 0.000000 0.000000 0.000000 0.000000 0.000000 0.000000 0.000000 0.000000 0.000000
0.000000 0.000000 0.000000 0.000000 0.000000 0.000000 0.000000 0.000000 0.000000 0.000000 0.000000 0.000000 0.000000
0.000000 0.000000 0.000000 0.000000 0.000000 0.000000 0.000000 0.000000 0.000000 0.000000 0.000000 0.000000 0.000000
0.000000 0.000000 0.000000 0.000000 0.000000 0.000000 0.000000 0.000000 0.000000 0.000000 0.000000 0.000000 0.000000
0.000000 0.000000 0.000000 0.000000 0.000000 0.000000 0.000000 0.000000 0.000000 0.000000 0.000000 0.000000 0.000000
0.000000 0.000000 0.000000 0.000000 0.000000 0.000000 0.000000 0.000000 0.000000 0.000000 0.000000 0.000000 0.000000
0.000000 0.000000 0.000000 0.000000 0.000000 0.000000 0.000000 0.000000 0.000000 0.000000 0.000000 0.000000 0.000000
0.000000 0.000000 0.000000 0.000000 0.000000 0.000000 0.000000 0.000000 0.000000 0.000000 0.000000 0.000000 0.000000
0.000000 0.000000 0.000000 0.000000 0.000000 0.000000 0.000000 0.000000 0.000000 0.000000 0.000000 0.000000 0.000000
0.000000 0.000000 0.000000 0.000000 0.000000 0.000000 0.000000 0.000000 0.000000 0.000000 0.000000 0.000000 0.000000
0.000000 0.000000 0.000000 0.000000 0.000000 0.000000 0.000000 0.000000 0.000000 0.000000 0.000000 0.000000 0.000000
0.000000 0.000000 0.000000 0.000000 0.000000 0.000000 0.000000 0.000000 0.000000 0.000000 0.000000 0.000000 0.000000
0.000000 0.000000 0.000000 0.000000 0.000000 0.000000 0.000000 0.000000 0.000000 0.000000 0.000000 0.000000 0.000000
0.000000 0.000000 0.000000 0.000000 0.000000 0.000000 0.000000 0.000000 0.000000 0.000000 0.000000 0.000000 0.000000
0.000000 0.000000 0.000000 0.000000 0.000000 0.000000 0.000000 0.000000 0.000000 0.000000 0.000000 0.000000 0.000000
0.000000 0.000000 0.000000 0.000000 0.000000 0.000000 0.000000 0.000000 0.000000 0.000000 0.000000 0.000000 0.000000
0.000000 0.000000 0.000000 0.000000 0.000000 0.000000 0.000000 0.000000 0.000000 0.000000 0.000000 0.000000 0.000000
0.000000 0.000000 0.000000 0.000000 0.000000 0.000000 0.000000 0.000000 0.000000 0.000000 0.000000 0.000000 0.000000
0.000000 0.000000 0.000000 0.000000 0.000000 0.000000 0.000000 0.000000 0.000000 0.000000 0.000000 0.000000 0.000000
0.000000 0.000000 0.000000 0.000000 0.000000 0.000000 0.000000 0.000000 0.000000 0.000000 0.000000 0.000000 0.000000
0.000000 0.000000 0.000000 0.000000 0.000000 0.000000 0.000000 0.000000 0.000000 0.000000 0.000000 0.000000 0.000000
0.000000 0.000000 0.000000 0.000000 0.000000 0.000000 0.000000 0.000000 0.000000 0.000000 0.000000 0.000000 0.000000
0.000000 0.000000 0.000000 0.000000 0.000000 0.000000 0.000000 0.000000 0.000000 0.000000 0.000000 0.000000 0.000000
0.000000 0.000000 0.000000 0.000000 0.000000 0.000000 0.000000 0.000000 0.000000 0.000000 0.000000 0.000000 0.000000
0.000000 0.000000 0.000000 0.000000 0.000000 0.000000 0.000000 0.000000 0.000000 0.000000 0.000000 0.000000 0.000000
0.000000 0.000000 0.000000 0.000000 0.000000 0.000000 0.000000 0.000000 0.000000 0.000000 0.000000 0.000000 0.000000
0.000000 0.000000 0.000000 0.000000 0.000000 0.000000 0.000000 0.000000 0.000000 0.000000 0.000000 0.000000 0.000000
0.000000 0.000000 0.000000 0.000000 0.000000 0.000000 0.000000 0.000000 0.000000 0.000000 0.000000 0.000000 0.000000
0.000000 0.000000 0.000000 0.000000 0.000000 0.000000 0.000000 0.000000 0.000000 0.000000 0.000000 0.000000 0.000000
0.000000 0.000000 0.000000 0.000000 0.000000 0.000000 0.000000 0.000000 0.000000 0.000000 0.000000 0.000000 0.000000
0.000000 0.000000 0.000000 0.000000 0.000000 0.000000 0.000000 0.000000 0.000000 0.000000 0.000000 0.000000 0.000000
0.000000 0.000000 0.000000 0.000000 0.000000 0.000000 0.000000 0.000000 0.000000 0.000000 0.000000 0.000000 0.000000
0.000000 0.000000 0.000000 0.000000 0.000000 0.000000 0.000000 0.000000 0.000000 0.000000 0.000000 0.000000 0.000000
0.000000 0.000000 0.000000 0.000000 0.000000 0.000000 0.000000 0.000000 0.000000 0.000000 0.000000 0.000000 0.000000
0.000000 0.000000 0.000000 0.000000 0.000000 0.000000 0.000000 0.000000 0.000000 0.000000 0.000000 0.000000 0.000000
0.000000 0.000000 0.000000 0.000000 0.000000 0.000000 0.000000 0.000000 0.000000 0.000000 0.000000 0.000000 0.000000
0.000000 0.000000 0.000000 0.000000 0.000000 0.000000 0.000000 0.000000 0.000000 0.000000 0.000000 0.000000 0.000000
0.000000 0.000000 0.000000 0.000000 0.000000 0.000000 0.000000 0.000000 0.000000 0.000000 0.000000 0.000000 0.000000
0.000000 0.000000 0.000000 0.000000 0.000000 0.000000 0.000000 0.000000 0.000000 0.000000 0.000000 0.000000 0.000000
0.000000 0.000000 0.000000 0.000000 0.000000 0.000000 0.000000 0.000000 0.000000 0.000000 0.000000 0.000000 0.000000
0.000000 0.000000 0.000000 0.000000 0.000000 0.000000 0.000000 0.000000 0.000000 0.000000 0.000000 0.000000 0.000000
0.000000 0.000000 0.000000 0.000000 0.000000 0.000000 0.000000 0.000000 0.000000 0.000000 0.000000 0.000000 0.000000
0.000000 0.000000 0.000000 0.000000 0.000000 0.000000 0.000000 0.000000 0.000000 0.000000 0.000000 0.000000 0.000000
0.000000 0.000000 0.000000 0.000000 0.000000 0.000000 0.000000 0.000000 0.000000 0.000000 0.000000 0.000000 0.000000
0.000000 0.000000 0.000000 0.000000 0.000000 0.000000 0.000000 0.000000 0.000000 0.000000 0.000000 0.000000 0.000000
0.000000 0.000000 0.000000 0.000000 0.000000 0.000000 0.000000 0.000000 0.000000 0.000000 0.000000 0.000000 0.000000
0.000000 0.000000 0.000000 0.000000 0.000000 0.000000 0.000000 0.000000 0.000000 0.000000 0.000000 0.000000 0.000000
0.000000 0.000000 0.000000 0.000000 0.000000 0.000000 0.000000 0.000000 0.000000 0.000000 0.000000 0.000000 0.000000
0.000000 0.000000 0.000000 0.000000 0.000000 0.000000 0.000000 0.000000 0.000000 0.000000 0.000000 0.000000 0.000000
0.000000 0.000000 0.000000 0.000000 0.000000 0.000000 0.000000 0.000000 0.000000 0.000000 0.000000 0.000000 0.000000
0.000000 0.000000 0.000000 0.000000 0.000000 0.000000 0.000000 0.000000 0.000000 0.000000 0.000000 0.000000 0.000000
0.000000 0.000000 0.000000 0.000000 0.000000 0.000000 0.000000 0.000000 0.000000 0.000000 0.000000 0.000000 0.000000
0.000000 0.000000 0.000000 0.000000 0.000000 0.000000 0.000000 0.000000 0.000000 0.000000 0.000000 0.000000 0.000000
0.000000 0.000000 0.000000 0.000000 0.000000 0.000000 0.000000 0.000000 0.000000 0.000000 0.000000 0.000000 0.000000
0.000000 0.000000 0.000000 0.000000 0.000000 0.000000 0.000000 0.000000 0.000000 0.000000 0.000000 0.000000 0.000000
0.000000 0.000000 0.000000 0.000000 0.000000 0.000000 0.000000 0.000000 0.000000 0.000000 0.000000 0.000000 0.000000
0.000000 0.000000 0.000000 0.000000 0.000000 0.000000 0.000000 0.000000 0.000000 0.000000 0.000000 0.000000 0.000000
0.000000 0.000000 0.000000 0.000000 0.000000 0.000000 0.000000 0.000000 0.000000 0.000000 0.000000 0.000000 0.000000
0.000000 0.000000 0.000000 0.000000 0.000000 0.000000 0.000000 0.000000 0.000000 0.000000 0.000000 0.000000 0.000000
0.000000 0.000000 0.000000 0.000000 0.000000 0.000000 0.000000 0.000000 0.000000 0.000000 0.000000 0.000000 0.000000
0.000000 0.000000 0.000000 0.000000 0.000000 0.000000 0.000000 0.000000 0.000000 0.000000 0.000000 0.000000 0.000000
0.000000 0.000000 0.000000 0.000000 0.000000 0.000000 0.000000 0.000000 0.000000 0.000000 0.000000 0.000000 0.000000
0.000000 0.000000 0.000000 0.000000 0.000000 0.000000 0.000000 0.000000 0.000000 0.000000 0.000000 0.000000 0.000000
0.000000 0.000000 0.000000 0.000000 0.000000 0.000000 0.000000 0.000000 0.000000 0.000000 0.000000 0.000000 0.000000
0.000000 0.000000 0.000000 0.000000 0.000000 0.000000 0.000000 0.000000 0.000000 0.000000 0.000000 0.000000 0.000000
0.000000 0.000000 0.000000 0.000000 0.000000 0.000000 0.000000 0.000000 0.000000 0.000000 0.000000 0.000000 0.000000
0.000000 0.000000 0.000000 0.000000 0.000000 0.000000 0.000000 0.000000 0.000000 0.000000 0.000000 0.000000 0.000000
0.000000 0.000000 0.000000 0.000000 0.000000 0.000000 0.000000 0.000000 0.000000 0.000000 0.000000 0.000000 0.000000
0.000000 0.000000 0.000000 0.000000 0.000000 0.000000 0.000000 0.000000 0.000000 0.000000 0.000000 0.000000 0.000000
0.000000 0.000000 0.000000 0.000000 0.000000 0.000000 0.000000 0.000000 0.000000 0.000000 0.000000 0.000000 0.000000
0.000000 0.000000 0.000000 0.000000 0.000000 0.000000 0.000000 0.000000 0.000000 0.000000 0.000000 0.000000 0.000000
0.000000 0.000000 0.000000 0.000000 0.000000 0.000000 0.000000 0.000000 0.000000 0.000000 0.000000 0.000000 0.000000
0.000000 0.000000 0.000000 0.000000 0.000000 0.000000 0.000000 0.000000 0.000000 0.000000 0.000000 0.000000 0.000000
0.000021 0.000049 0.000065 0.000074 0.000075 0.000072 0.000068 0.000064 0.000059 0.000053 0.000046 0.000040 0.000036
0.000089 0.000204 0.000273 0.000311 0.000317 0.000302 0.000287 0.000268 0.000246 0.000221 0.000194 0.000168 0.000151
0.000157 0.000360 0.000482 0.000549 0.000558 0.000532 0.000505 0.000472 0.000433 0.000390 0.000342 0.000296 0.000266
0.000225 0.000516 0.000691 0.000787 0.000800 0.000763 0.000724 0.000676 0.000621 0.000559 0.000490 0.000424 0.000382
0.000293 0.000672 0.000900 0.001026 0.001043 0.000995 0.000944 0.000881 0.000810 0.000729 0.000638 0.000552 0.000498
0.000362 0.000829 0.001110 0.001265 0.001287 0.001227 0.001164 0.001087 0.000999 0.000899 0.000787 0.000681 0.000614
0.000431 0.000987 0.001321 0.001506 0.001531 0.001460 0.001386 0.001294 0.001188 0.001070 0.000937 0.000810 0.000730
0.000500 0.001145 0.001534 0.001747 0.001777 0.001694 0.001608 0.001501 0.001379 0.001242 0.001087 0.000940 0.000847
0.000570 0.001304 0.001747 0.001990 0.002024 0.001930 0.001831 0.001710 0.001571 0.001414 0.001238 0.001071 0.000965
0.000640 0.001464 0.001962 0.002235 0.002273 0.002167 0.002056 0.001920 0.001763 0.001588 0.001390 0.001202 0.001083
0.000711 0.001625 0.002178 0.002481 0.002524 0.002405 0.002283 0.002131 0.001957 0.001762 0.001543 0.001334 0.001203
0.000782 0.001787 0.002395 0.002729 0.002776 0.002646 0.002511 0.002344 0.002153 0.001938 0.001697 0.001468 0.001323
0.000854 0.001951 0.002615 0.002979 0.003030 0.002888 0.002741 0.002559 0.002350 0.002116 0.001853 0.001602 0.001444
0.000927 0.002116 0.002837 0.003232 0.003287 0.003133 0.002973 0.002775 0.002549 0.002295 0.002009 0.001738 0.001566
0.001001 0.002282 0.003061 0.003487 0.003546 0.003380 0.003207 0.002994 0.002750 0.002476 0.002168 0.001874 0.001690
0.001075 0.002451 0.003287 0.003744 0.003808 0.003629 0.003444 0.003215 0.002953 0.002658 0.002328 0.002013 0.001814
0.001151 0.002621 0.003515 0.004005 0.004073 0.003881 0.003683 0.003438 0.003158 0.002843 0.002489 0.002152 0.001940
0.001228 0.002793 0.003747 0.004269 0.004341 0.004136 0.003925 0.003664 0.003365 0.003030 0.002653 0.002294 0.002068
0.001305 0.002968 0.003981 0.004535 0.004612 0.004395 0.004170 0.003893 0.003575 0.003219 0.002818 0.002437 0.002197
0.001384 0.003144 0.004218 0.004806 0.004887 0.004657 0.004418 0.004125 0.003788 0.003410 0.002986 0.002582 0.002327
0.001464 0.003323 0.004459 0.005080 0.005166 0.004922 0.004670 0.004360 0.004004 0.003604 0.003156 0.002729 0.002460
0.001546 0.003505 0.004703 0.005358 0.005449 0.005191 0.004925 0.004598 0.004223 0.003801 0.003328 0.002878 0.002594
0.001629 0.003690 0.004951 0.005641 0.005736 0.005464 0.005184 0.004840 0.004445 0.004001 0.003503 0.003029 0.002731
0.001714 0.003877 0.005203 0.005927 0.006027 0.005742 0.005448 0.005085 0.004671 0.004204 0.003681 0.003183 0.002869
0.001800 0.004068 0.005459 0.006219 0.006324 0.006024 0.005715 0.005335 0.004900 0.004411 0.003862 0.003339 0.003010
0.001888 0.004262 0.005719 0.006516 0.006625 0.006311 0.005987 0.005589 0.005133 0.004620 0.004046 0.003498 0.003153
0.001978 0.004459 0.005985 0.006818 0.006932 0.006603 0.006264 0.005848 0.005371 0.004834 0.004233 0.003660 0.003299
0.002069 0.004660 0.006255 0.007125 0.007245 0.006901 0.006546 0.006111 0.005612 0.005052 0.004423 0.003825 0.003448
0.002163 0.004865 0.006530 0.007439 0.007563 0.007204 0.006834 0.006379 0.005859 0.005273 0.004617 0.003992 0.003599
0.002259 0.005074 0.006810 0.007758 0.007888 0.007513 0.007127 0.006653 0.006110 0.005499 0.004815 0.004164 0.003753
0.002357 0.005288 0.007097 0.008084 0.008219 0.007828 0.007426 0.006932 0.006366 0.005730 0.005017 0.004338 0.003911
0.002458 0.005506 0.007389 0.008417 0.008558 0.008150 0.007731 0.007217 0.006628 0.005965 0.005224 0.004516 0.004072
0.002561 0.005728 0.007688 0.008758 0.008904 0.008479 0.008043 0.007508 0.006895 0.006206 0.005434 0.004699 0.004236
0.002667 0.005956 0.007994 0.009106 0.009257 0.008816 0.008362 0.007806 0.007169 0.006452 0.005650 0.004885 0.004404
0.002775 0.006189 0.008306 0.009462 0.009619 0.009160 0.008689 0.008111 0.007448 0.006704 0.005870 0.005075 0.004576
0.002887 0.006428 0.008626 0.009826 0.009989 0.009512 0.009023 0.008423 0.007735 0.006961 0.006095 0.005270 0.004752
0.003001 0.006672 0.008954 0.010200 0.010369 0.009873 0.009365 0.008742 0.008028 0.007225 0.006326 0.005470 0.004932
0.003119 0.006923 0.009290 0.010582 0.010757 0.010243 0.009715 0.009069 0.008328 0.007495 0.006563 0.005675 0.005116
0.003241 0.007180 0.009634 0.010975 0.011156 0.010622 0.010075 0.009405 0.008636 0.007772 0.006806 0.005885 0.005306
0.003365 0.007444 0.009988 0.011377 0.011565 0.011011 0.010444 0.009749 0.008953 0.008057 0.007055 0.006100 0.005500
0.003494 0.007716 0.010351 0.011791 0.011986 0.011411 0.010823 0.010103 0.009277 0.008349 0.007311 0.006321 0.005700
0.003627 0.007994 0.010724 0.012216 0.012417 0.011822 0.011212 0.010466 0.009611 0.008649 0.007574 0.006549 0.005905
0.003764 0.008281 0.011108 0.012653 0.012861 0.012244 0.011613 0.010840 0.009954 0.008958 0.007844 0.006782 0.006115
0.003905 0.008576 0.011503 0.013103 0.013318 0.012678 0.012024 0.011225 0.010307 0.009275 0.008122 0.007023 0.006332
0.004051 0.008880 0.011909 0.013566 0.013788 0.013126 0.012448 0.011620 0.010670 0.009602 0.008409 0.007270 0.006556
0.004202 0.009193 0.012328 0.014042 0.014273 0.013586 0.012885 0.012028 0.011044 0.009939 0.008703 0.007525 0.006786
0.004358 0.009516 0.012760 0.014534 0.014772 0.014061 0.013335 0.012448 0.011430 0.010286 0.009007 0.007788 0.007023
0.004519 0.009850 0.013205 0.015041 0.015287 0.014551 0.013799 0.012881 0.011828 0.010644 0.009321 0.008059 0.007267
0.004686 0.010194 0.013664 0.015564 0.015818 0.015056 0.014278 0.013329 0.012239 0.011013 0.009644 0.008339 0.007519
0.004860 0.010549 0.014139 0.016104 0.016367 0.015578 0.014773 0.013790 0.012663 0.011394 0.009978 0.008627 0.007780
0.005039 0.010916 0.014629 0.016663 0.016934 0.016117 0.015284 0.014268 0.013101 0.011789 0.010324 0.008926 0.008049
0.005226 0.011297 0.015136 0.017240 0.017521 0.016675 0.015813 0.014761 0.013554 0.012196 0.010681 0.009235 0.008328
0.005419 0.011690 0.015661 0.017838 0.018128 0.017252 0.016360 0.015272 0.014023 0.012618 0.011050 0.009554 0.008616
0.005620 0.012098 0.016204 0.018457 0.018756 0.017850 0.016927 0.015801 0.014508 0.013055 0.011433 0.009885 0.008915
0.005829 0.012520 0.016767 0.019098 0.019407 0.018469 0.017514 0.016349 0.015011 0.013507 0.011829 0.010228 0.009224
0.006047 0.012958 0.017351 0.019763 0.020083 0.019111 0.018122 0.016917 0.015533 0.013976 0.012240 0.010583 0.009544
0.006273 0.013413 0.017957 0.020453 0.020783 0.019777 0.018754 0.017506 0.016074 0.014463 0.012666 0.010952 0.009877
0.006509 0.013886 0.018586 0.021169 0.021511 0.020468 0.019409 0.018118 0.016635 0.014968 0.013109 0.011335 0.010223
0.006754 0.014377 0.019239 0.021913 0.022266 0.021187 0.020090 0.018754 0.017219 0.015493 0.013569 0.011732 0.010582
0.007011 0.014888 0.019919 0.022687 0.023052 0.021934 0.020799 0.019416 0.017826 0.016039 0.014048 0.012146 0.010955
0.007278 0.015420 0.020626 0.023492 0.023870 0.022711 0.021536 0.020104 0.018458 0.016608 0.014545 0.012576 0.011343
0.007558 0.015974 0.021362 0.024331 0.024721 0.023521 0.022303 0.020820 0.019115 0.017199 0.015064 0.013024 0.011748
0.007850 0.016551 0.022129 0.025204 0.025609 0.024364 0.023103 0.021567 0.019801 0.017816 0.015604 0.013491 0.012169
0.008155 0.017154 0.022930 0.026116 0.026534 0.025244 0.023937 0.022345 0.020515 0.018459 0.016167 0.013979 0.012609
0.008475 0.017783 0.023765 0.027067 0.027500 0.026162 0.024807 0.023158 0.021261 0.019130 0.016755 0.014487 0.013068
0.008810 0.018441 0.024637 0.028060 0.028509 0.027121 0.025716 0.024007 0.022041 0.019830 0.017369 0.015018 0.013547
0.009162 0.019128 0.025549 0.029099 0.029564 0.028124 0.026667 0.024894 0.022855 0.020563 0.018011 0.015573 0.014048
0.009530 0.019848 0.026504 0.030186 0.030667 0.029173 0.027661 0.025822 0.023707 0.021330 0.018683 0.016154 0.014572
0.009917 0.020602 0.027503 0.031324 0.031823 0.030271 0.028703 0.026795 0.024600 0.022133 0.019386 0.016762 0.015121
0.010324 0.021392 0.028550 0.032516 0.033034 0.031422 0.029794 0.027814 0.025535 0.022974 0.020124 0.017400 0.015697
0.010753 0.022222 0.029649 0.033768 0.034304 0.032630 0.030939 0.028883 0.026517 0.023857 0.020897 0.018069 0.016300
0.011203 0.023093 0.030802 0.035081 0.035638 0.033898 0.032141 0.030005 0.027547 0.024783 0.021709 0.018771 0.016934
0.011679 0.024009 0.032015 0.036462 0.037040 0.035231 0.033405 0.031185 0.028630 0.025758 0.022563 0.019509 0.017600
0.012180 0.024973 0.033290 0.037915 0.038515 0.036632 0.034734 0.032425 0.029769 0.026782 0.023461 0.020286 0.018301
0.012709 0.025989 0.034633 0.039444 0.040068 0.038109 0.036134 0.033732 0.030968 0.027861 0.024406 0.021103 0.019039
0.013268 0.027060 0.036049 0.041057 0.041705 0.039665 0.037609 0.035110 0.032233 0.028999 0.025403 0.021965 0.019817
0.013860 0.028191 0.037543 0.042758 0.043433 0.041307 0.039166 0.036563 0.033567 0.030199 0.026455 0.022875 0.020639
0.014487 0.029386 0.039121 0.044556 0.045258 0.043041 0.040811 0.038099 0.034977 0.031467 0.027566 0.023836 0.021506
0.015152 0.030650 0.040790 0.046457 0.047188 0.044876 0.042550 0.039723 0.036467 0.032808 0.028742 0.024852 0.022424
0.015858 0.031989 0.042558 0.048470 0.049232 0.046818 0.044392 0.041442 0.038046 0.034228 0.029986 0.025928 0.023395
0.016608 0.033409 0.044431 0.050604 0.051398 0.048878 0.046344 0.043265 0.039719 0.035733 0.031306 0.027069 0.024425
0.017406 0.034917 0.046420 0.052869 0.053698 0.051063 0.048417 0.045200 0.041495 0.037331 0.032706 0.028280 0.025518
0.018256 0.036520 0.048533 0.055276 0.056142 0.053386 0.050619 0.047257 0.043383 0.039029 0.034194 0.029568 0.026680
0.019163 0.038227 0.050783 0.057838 0.058743 0.055858 0.052963 0.049446 0.045392 0.040836 0.035779 0.030938 0.027917
0.020133 0.040046 0.053180 0.060569 0.061516 0.058493 0.055462 0.051778 0.047534 0.042763 0.037467 0.032398 0.029235
0.021170 0.041989 0.055738 0.063483 0.064474 0.061305 0.058128 0.054268 0.049819 0.044818 0.039269 0.033956 0.030642
0.022281 0.044067 0.058473 0.066598 0.067637 0.064311 0.060978 0.056929 0.052262 0.047016 0.041195 0.035622 0.032146
0.023473 0.046292 0.061401 0.069933 0.071023 0.067529 0.064030 0.059778 0.054877 0.049369 0.043258 0.037405 0.033757
0.024755 0.048679 0.064541 0.073510 0.074654 0.070980 0.067302 0.062834 0.057682 0.051892 0.045469 0.039318 0.035484
0.026135 0.051244 0.067914 0.077352 0.078555 0.074687 0.070817 0.066116 0.060695 0.054602 0.047845 0.041373 0.037339
0.027624 0.054005 0.071544 0.081487 0.082753 0.078676 0.074600 0.069648 0.063938 0.057519 0.050402 0.043584 0.039336
0.029233 0.056984 0.075458 0.085945 0.087279 0.082978 0.078679 0.073457 0.067434 0.060665 0.053160 0.045969 0.041489
0.030975 0.060203 0.079686 0.090762 0.092169 0.087625 0.083086 0.077572 0.071212 0.064063 0.056139 0.048545 0.043815
0.032866 0.063689 0.084264 0.095976 0.097463 0.092656 0.087857 0.082027 0.075301 0.067742 0.059364 0.051334 0.046334
0.034921 0.067474 0.089231 0.101635 0.103207 0.098115 0.093034 0.086861 0.079739 0.071733 0.062863 0.054361 0.049066
0.037162 0.071590 0.094633 0.107788 0.109454 0.104052 0.098664 0.092118 0.084565 0.076075 0.066669 0.057653 0.052039
0.039610 0.076080 0.100522 0.114497 0.116265 0.110524 0.104802 0.097849 0.089826 0.080808 0.070819 0.061241 0.055279
0.042292 0.080989 0.106959 0.121830 0.123709 0.117599 0.111511 0.104114 0.095577 0.085981 0.075355 0.065164 0.058822
0.045238 0.086371 0.114014 0.129867 0.131868 0.125352 0.118864 0.110980 0.101880 0.091652 0.080326 0.069464 0.062704
0.048483 0.092290 0.121769 0.138701 0.140837 0.133876 0.126947 0.118528 0.108809 0.097885 0.085791 0.074190 0.066973
0.052069 0.098818 0.130319 0.148443 0.150726 0.143274 0.135860 0.126851 0.116449 0.104758 0.091817 0.079402 0.071679
0.056044 0.106042 0.139779 0.159219 0.161667 0.153670 0.145719 0.136058 0.124901 0.112361 0.098484 0.085168 0.076886
0.060467 0.114066 0.150280 0.171184 0.173812 0.165212 0.156666 0.146280 0.134284 0.120803 0.105886 0.091570 0.082668
0.065406 0.123009 0.161983 0.184516 0.187347 0.178074 0.168864 0.157670 0.144741 0.130210 0.114134 0.098704 0.089110
0.070943 0.133020 0.175077 0.199434 0.202491 0.192466 0.182513 0.170416 0.156442 0.140736 0.123364 0.106686 0.096320
0.077179 0.144272 0.189790 0.216198 0.219510 0.208638 0.197850 0.184738 0.169590 0.152565 0.133736 0.115657 0.104421
0.084234 0.156982 0.206403 0.235125 0.238724 0.226896 0.215167 0.200910 0.184435 0.165920 0.145447 0.125786 0.113569
0.092255 0.171408 0.225254 0.256603 0.260528 0.247616 0.234818 0.219260 0.201282 0.181075 0.158736 0.137281 0.123950
0.101427 0.187875 0.246764 0.281111 0.285406 0.271258 0.257241 0.240200 0.220504 0.198368 0.173901 0.150397 0.135796
0.111977 0.206784 0.271454 0.309243 0.313965 0.298395 0.282980 0.264236 0.242570 0.218219 0.191309 0.165453 0.149395
0.124190 0.228638 0.299981 0.341747 0.346961 0.329750 0.312719 0.292007 0.268065 0.241156 0.211423 0.182850 0.165108
0.138432 0.254079 0.333179 0.379573 0.385360 0.366239 0.347327 0.324327 0.297735 0.267848 0.234831 0.203097 0.183395
0.155170 0.283929 0.372118 0.423942 0.430401 0.409039 0.387921 0.362237 0.332537 0.299158 0.262288 0.226846 0.204846
0.175016 0.319262 0.418192 0.476442 0.483695 0.459682 0.435955 0.407094 0.373718 0.336206 0.294779 0.254949 0.230229
0.198774 0.361491 0.473241 0.539169 0.547372 0.520190 0.493347 0.460690 0.422921 0.380472 0.333601 0.288528 0.260559
0.227527 0.412514 0.539730 0.614933 0.624283 0.593273 0.562666 0.525427 0.482352 0.433939 0.380492 0.329087 0.297194
0.262752 0.474918 0.621023 0.707567 0.718319 0.682629 0.647421 0.604579 0.555016 0.499313 0.437827 0.378680 0.341990
0.306505 0.552301 0.721795 0.822399 0.834888 0.793397 0.752486 0.702698 0.645094 0.580353 0.508903 0.440159 0.397523
0.361708 0.649776 0.848687 0.966999 0.981675 0.932876 0.884786 0.826254 0.758524 0.682402 0.598407 0.517577 0.467455
0.432621 0.774782 1.011364 1.152379 1.169859 1.111692 1.054400 0.984657 0.903946 0.813234 0.713158 0.616835 0.557116
0.525619 0.938445 1.224273 1.395006 1.416155 1.345725 1.276391 1.191978 1.094278 0.984471 0.863350 0.746749 0.674470
0.650535 1.157910 1.509675 1.720250 1.746316 1.659447 1.573974 1.469897 1.349423 1.214020 1.064691 0.920907 0.831795
0.823054 1.460493 1.903028 2.168521 2.201364 2.091834 1.984121 1.852944 1.701083 1.530404 1.342201 1.160954 1.048642
1.069098 1.891283 2.462843 2.806507 2.848991 2.707209 2.567850 2.398108 2.201577 1.980692 1.737172 1.502606 1.357279
1.433019 2.527313 3.289057 3.748106 3.804819 3.615429 3.429375 3.202720 2.940264 2.645284 2.320129 2.006871 1.812824
1.992548 3.503360 4.556457 5.192530 5.271066 5.008638 4.750967 4.437017 4.073435 3.664794 3.214430 2.780458 2.511682
2.881763 5.051310 6.565596 7.482341 7.595467 7.217240 6.846063 6.393742 5.869852 5.281034 4.632206 4.006873 3.619644
4.296012 7.507273 9.751642 11.113556 11.281521 10.719635 10.168509 9.496786 8.718688 7.844155 6.880655 5.951861 5.376816
6.301176 10.977676 14.250468 16.241144 16.486522 15.665244 14.860113 13.878634 12.741595 11.463629 10.055891 8.698593 7.858390
8.042556 13.968707 18.121571 20.653603 20.965550 19.920961 18.897442 17.649522 16.203644 14.578554 12.788743 11.062718 9.994442
7.737054 13.397153 17.368842 19.796282 20.095197 19.093798 18.113109 16.917193 15.531408 13.973852 12.258708 10.604355 9.580611
5.780358 9.978562 12.928341 14.735628 14.958073 14.212546 13.482816 12.592773 11.561302 10.401974 9.125561 7.894141 7.132242
3.918900 6.744587 8.732619 9.953681 10.103906 9.600235 9.107491 8.506384 7.809683 7.026616 6.164608 5.332815 4.818258
2.664105 4.571116 5.914576 6.741809 6.843539 6.502341 6.168719 5.761649 5.289788 4.759431 4.175705 3.612325 3.263868
1.875608 3.208445 4.148641 4.729037 4.800384 4.561016 4.327083 4.041594 3.710627 3.338629 2.929265 2.534088 2.289707
1.373282 2.342048 3.026320 3.449816 3.501857 3.327214 3.156625 2.948398 2.706973 2.435617 2.137054 1.848777 1.670533
1.041617 1.771046 2.286940 2.607056 2.646379 2.514382 2.385515 2.228184 2.045749 1.840695 1.615118 1.397267 1.262590
0.814083 1.379997 1.780764 2.030097 2.060716 1.957917 1.857608 1.735117 1.593065 1.433400 1.257784 1.088147 0.983293
0.652396 1.102582 1.421807 1.620938 1.645384 1.563294 1.483233 1.385447 1.272033 1.144555 1.004365 0.868920 0.785213
0.533904 0.899612 1.159270 1.321678 1.341611 1.274669 1.209414 1.129696 1.037227 0.933291 0.819008 0.708570 0.640329
0.444725 0.747100 0.962067 1.096888 1.113431 1.057868 1.003733 0.937585 0.860849 0.774595 0.679771 0.588117 0.531492
0.376049 0.629839 0.810497 0.924111 0.938049 0.891233 0.845644 0.789925 0.725280 0.652618 0.572748 0.495532 0.447834
0.322102 0.537872 0.691662 0.788648 0.800544 0.760586 0.721696 0.674154 0.618989 0.556982 0.488835 0.422938 0.382239
0.278987 0.464487 0.596870 0.680589 0.690857 0.656371 0.622823 0.581802 0.534199 0.480692 0.421896 0.365029 0.329912
0.244006 0.405037 0.520104 0.593079 0.602028 0.571973 0.542751 0.507012 0.465532 0.418908 0.367684 0.318129 0.287532
0.215242 0.356231 0.457104 0.521260 0.529127 0.502709 0.477036 0.445631 0.409177 0.368202 0.323191 0.279637 0.252750
0.191312 0.315688 0.404787 0.461619 0.468587 0.445191 0.422465 0.394658 0.362378 0.326093 0.286241 0.247671 0.223864
0.171192 0.281654 0.360883 0.411568 0.417783 0.396921 0.376668 0.351881 0.323103 0.290755 0.255232 0.220844 0.199621
0.154116 0.252813 0.323691 0.369168 0.374744 0.356031 0.337872 0.315642 0.289831 0.260818 0.228962 0.198116 0.179083
0.139500 0.228164 0.291917 0.332943 0.337974 0.321096 0.304726 0.284681 0.261405 0.235240 0.206517 0.178699 0.161535
0.126894 0.206937 0.264561 0.301756 0.306317 0.291019 0.276189 0.258026 0.236931 0.213219 0.187192 0.161980 0.146427
0.115944 0.188527 0.240845 0.274718 0.278872 0.264944 0.251449 0.234916 0.215713 0.194128 0.170438 0.147485 0.133328
0.106373 0.172460 0.220154 0.251127 0.254927 0.242194 0.229863 0.214753 0.197201 0.177470 0.155820 0.134838 0.121898
0.097957 0.158355 0.201995 0.230424 0.233912 0.222229 0.210919 0.197058 0.180954 0.162851 0.142991 0.123739 0.111867
0.090519 0.145905 0.185973 0.212157 0.215371 0.204613 0.194205 0.181445 0.166619 0.149953 0.131671 0.113945 0.103016
0.083911 0.134863 0.171768 0.195961 0.198930 0.188994 0.179385 0.167601 0.153908 0.138516 0.121633 0.105261 0.095168
0.078014 0.125025 0.159114 0.181534 0.184286 0.175081 0.166184 0.155269 0.142586 0.128328 0.112692 0.097525 0.088177
0.072729 0.116221 0.147796 0.168628 0.171187 0.162636 0.154375 0.144239 0.132458 0.119215 0.104694 0.090605 0.081922
0.067974 0.108312 0.137631 0.157038 0.159423 0.151460 0.143770 0.134332 0.123362 0.111030 0.097511 0.084390 0.076305
0.063681 0.101181 0.128469 0.146592 0.148819 0.141386 0.134211 0.125403 0.115163 0.103653 0.091036 0.078788 0.071242
0.059790 0.094729 0.120183 0.137143 0.139229 0.132275 0.125565 0.117326 0.107748 0.096980 0.085179 0.073721 0.066662
0.056253 0.088873 0.112664 0.128570 0.130527 0.124007 0.117721 0.109998 0.101019 0.090926 0.079865 0.069123 0.062506
0.053028 0.083541 0.105822 0.120767 0.122607 0.116483 0.110581 0.103329 0.094896 0.085415 0.075028 0.064938 0.058724
0.050080 0.078674 0.099576 0.113646 0.115379 0.109616 0.104064 0.097241 0.089306 0.080386 0.070614 0.061119 0.055272
0.047376 0.074218 0.093861 0.107129 0.108764 0.103332 0.098101 0.091671 0.084191 0.075783 0.066574 0.057623 0.052112
0.044891 0.070128 0.088618 0.101150 0.102695 0.097567 0.092630 0.086560 0.079499 0.071561 0.062867 0.054416 0.049213
0.042602 0.066366 0.083796 0.095651 0.097114 0.092265 0.087599 0.081860 0.075183 0.067677 0.059458 0.051467 0.046547
0.040487 0.062898 0.079352 0.090583 0.091970 0.087378 0.082962 0.077527 0.071205 0.064098 0.056316 0.048748 0.044090
0.038531 0.059693 0.075248 0.085902 0.087219 0.082864 0.078678 0.073526 0.067531 0.060792 0.053414 0.046237 0.041820
0.036717 0.056726 0.071449 0.081570 0.082822 0.078687 0.074714 0.069823 0.064131 0.057732 0.050728 0.043913 0.039719
0.035031 0.053973 0.067926 0.077552 0.078744 0.074813 0.071038 0.066388 0.060977 0.054894 0.048237 0.041757 0.037770
0.033462 0.051415 0.064653 0.073820 0.074956 0.071214 0.067622 0.063198 0.058048 0.052258 0.045922 0.039755 0.035960
0.032000 0.049034 0.061607 0.070347 0.071430 0.067865 0.064444 0.060228 0.055321 0.049805 0.043768 0.037891 0.034275
0.030634 0.046814 0.058768 0.067109 0.068144 0.064743 0.061481 0.057460 0.052779 0.047517 0.041761 0.036154 0.032705
0.029356 0.044740 0.056118 0.064085 0.065075 0.061828 0.058715 0.054876 0.050406 0.045382 0.039886 0.034532 0.031238
0.028158 0.042800 0.053639 0.061259 0.062206 0.059103 0.056128 0.052459 0.048187 0.043385 0.038133 0.033015 0.029867
0.027035 0.040982 0.051318 0.058611 0.059520 0.056550 0.053706 0.050196 0.046110 0.041515 0.036491 0.031594 0.028583
0.025980 0.039278 0.049142 0.056129 0.057000 0.054157 0.051434 0.048074 0.044161 0.039762 0.034951 0.030262 0.027378
0.024987 0.037676 0.047098 0.053798 0.054634 0.051910 0.049301 0.046081 0.042331 0.038115 0.033506 0.029011 0.026248
0.024052 0.036171 0.045177 0.051607 0.052410 0.049797 0.047296 0.044208 0.040611 0.036567 0.032147 0.027835 0.025184
0.023170 0.034752 0.043368 0.049544 0.050316 0.047808 0.045408 0.042444 0.038992 0.035110 0.030867 0.026728 0.024183
0.022337 0.033415 0.041664 0.047600 0.048343 0.045933 0.043629 0.040782 0.037465 0.033736 0.029661 0.025684 0.023240
0.021550 0.032154 0.040056 0.045765 0.046481 0.044165 0.041951 0.039214 0.036025 0.032440 0.028523 0.024700 0.022349
0.020805 0.030961 0.038537 0.044033 0.044723 0.042494 0.040365 0.037733 0.034665 0.031216 0.027448 0.023770 0.021509
0.020099 0.029834 0.037101 0.042394 0.043060 0.040915 0.038866 0.036332 0.033379 0.030059 0.026432 0.022890 0.020713
0.019429 0.028766 0.035742 0.040844 0.041487 0.039420 0.037447 0.035007 0.032162 0.028964 0.025470 0.022058 0.019961
0.018794 0.027754 0.034454 0.039375 0.039996 0.038004 0.036103 0.033751 0.031008 0.027926 0.024559 0.021269 0.019248
0.018190 0.026794 0.033233 0.037982 0.038582 0.036661 0.034828 0.032560 0.029915 0.026942 0.023694 0.020521 0.018571
0.017616 0.025882 0.032074 0.036659 0.037240 0.035386 0.033619 0.031429 0.028877 0.026007 0.022874 0.019811 0.017930
0.017070 0.025016 0.030973 0.035403 0.035965 0.034175 0.032469 0.030355 0.027891 0.025120 0.022095 0.019137 0.017320
0.016549 0.024192 0.029926 0.034209 0.034753 0.033024 0.031376 0.029334 0.026953 0.024276 0.021354 0.018496 0.016740
0.016053 0.023408 0.028930 0.033073 0.033600 0.031929 0.030336 0.028363 0.026061 0.023473 0.020648 0.017885 0.016188
0.015579 0.022661 0.027981 0.031990 0.032502 0.030885 0.029346 0.027437 0.025211 0.022708 0.019977 0.017304 0.015663
0.015127 0.021948 0.027077 0.030959 0.031455 0.029891 0.028402 0.026555 0.024401 0.021980 0.019337 0.016750 0.015162
0.014695 0.021269 0.026215 0.029975 0.030456 0.028943 0.027502 0.025714 0.023629 0.021284 0.018726 0.016222 0.014684
0.014281 0.020620 0.025392 0.029036 0.029504 0.028037 0.026643 0.024911 0.022892 0.020621 0.018143 0.015718 0.014228
0.013886 0.020000 0.024606 0.028139 0.028593 0.027173 0.025822 0.024145 0.022187 0.019987 0.017587 0.015236 0.013792
0.013507 0.019407 0.023855 0.027282 0.027724 0.026347 0.025038 0.023412 0.021514 0.019382 0.017055 0.014776 0.013376
0.013144 0.018840 0.023137 0.026462 0.026892 0.025557 0.024288 0.022711 0.020871 0.018802 0.016546 0.014335 0.012978
0.012796 0.018297 0.022449 0.025678 0.026096 0.024800 0.023570 0.022040 0.020255 0.018248 0.016059 0.013914 0.012597
0.012462 0.017777 0.021791 0.024927 0.025333 0.024076 0.022882 0.021398 0.019665 0.017717 0.015593 0.013510 0.012232
0.012141 0.017278 0.021160 0.024207 0.024603 0.023383 0.022224 0.020782 0.019100 0.017208 0.015146 0.013124 0.011882
0.011833 0.016800 0.020555 0.023517 0.023902 0.022717 0.021592 0.020192 0.018558 0.016721 0.014718 0.012753 0.011547
0.011537 0.016341 0.019975 0.022855 0.023231 0.022079 0.020987 0.019626 0.018038 0.016253 0.014307 0.012397 0.011225
0.011253 0.015901 0.019419 0.022219 0.022586 0.021467 0.020405 0.019083 0.017539 0.015804 0.013912 0.012056 0.010916
0.010979 0.015477 0.018884 0.021609 0.021967 0.020879 0.019847 0.018561 0.017060 0.015373 0.013533 0.011728 0.010620
0.010715 0.015071 0.018370 0.021023 0.021372 0.020314 0.019310 0.018060 0.016600 0.014958 0.013169 0.011413 0.010335
0.010461 0.014679 0.017877 0.020459 0.020800 0.019771 0.018795 0.017578 0.016157 0.014560 0.012819 0.011110 0.010061
0.010216 0.014303 0.017402 0.019917 0.020250 0.019248 0.018299 0.017114 0.015731 0.014177 0.012483 0.010819 0.009797
0.009980 0.013940 0.016945 0.019396 0.019721 0.018745 0.017821 0.016668 0.015322 0.013808 0.012159 0.010538 0.009544
0.009752 0.013591 0.016505 0.018894 0.019211 0.018262 0.017362 0.016239 0.014927 0.013453 0.011847 0.010269 0.009300
0.009532 0.013255 0.016081 0.018410 0.018720 0.017795 0.016919 0.015826 0.014548 0.013111 0.011547 0.010009 0.009065
0.009320 0.012931 0.015673 0.017944 0.018247 0.017346 0.016493 0.015427 0.014182 0.012782 0.011257 0.009758 0.008838
0.009115 0.012618 0.015280 0.017495 0.017792 0.016913 0.016082 0.015043 0.013829 0.012464 0.010978 0.009517 0.008620
0.008917 0.012317 0.014900 0.017062 0.017352 0.016496 0.015685 0.014672 0.013489 0.012158 0.010709 0.009284 0.008409
0.008726 0.012026 0.014534 0.016643 0.016928 0.016093 0.015303 0.014315 0.013160 0.011863 0.010449 0.009059 0.008206
0.008540 0.011745 0.014181 0.016240 0.016518 0.015704 0.014934 0.013970 0.012843 0.011577 0.010199 0.008842 0.008009
0.008361 0.011473 0.013839 0.015850 0.016123 0.015329 0.014577 0.013637 0.012537 0.011302 0.009957 0.008633 0.007820
0.008188 0.011211 0.013510 0.015474 0.015741 0.014966 0.014233 0.013315 0.012242 0.011036 0.009723 0.008430 0.007637
0.008020 0.010957 0.013191 0.015110 0.015372 0.014616 0.013900 0.013004 0.011956 0.010779 0.009497 0.008235 0.007460
0.007857 0.010712 0.012883 0.014759 0.015015 0.014277 0.013578 0.012703 0.011680 0.010530 0.009279 0.008046 0.007289
0.007699 0.010475 0.012586 0.014419 0.014670 0.013949 0.013267 0.012413 0.011413 0.010290 0.009067 0.007863 0.007124
0.007547 0.010245 0.012298 0.014090 0.014337 0.013632 0.012966 0.012131 0.011155 0.010057 0.008863 0.007686 0.006964
0.007398 0.010023 0.012019 0.013772 0.014014 0.013326 0.012675 0.011859 0.010905 0.009832 0.008665 0.007515 0.006809
0.007255 0.009807 0.011749 0.013464 0.013701 0.013029 0.012393 0.011596 0.010663 0.009614 0.008474 0.007349 0.006659
0.007115 0.009599 0.011488 0.013165 0.013398 0.012741 0.012120 0.011340 0.010428 0.009403 0.008288 0.007188 0.006514
0.006980 0.009396 0.011235 0.012876 0.013105 0.012463 0.011856 0.011093 0.010201 0.009199 0.008109 0.007033 0.006373
0.006848 0.009200 0.010990 0.012596 0.012821 0.012193 0.011599 0.010854 0.009981 0.009001 0.007935 0.006882 0.006237
0.006721 0.009010 0.010752 0.012325 0.012546 0.011931 0.011351 0.010621 0.009768 0.008809 0.007766 0.006736 0.006104
0.006597 0.008826 0.010521 0.012061 0.012278 0.011678 0.011110 0.010396 0.009561 0.008623 0.007602 0.006595 0.005976
0.006476 0.008647 0.010298 0.011806 0.012019 0.011432 0.010876 0.010178 0.009361 0.008442 0.007444 0.006457 0.005852
0.006359 0.008474 0.010081 0.011558 0.011768 0.011193 0.010650 0.009966 0.009166 0.008267 0.007290 0.006324 0.005731
0.006245 0.008305 0.009871 0.011318 0.011524 0.010961 0.010430 0.009761 0.008977 0.008097 0.007140 0.006195 0.005614
0.006134 0.008141 0.009666 0.011085 0.011288 0.010737 0.010216 0.009561 0.008794 0.007932 0.006995 0.006069 0.005501
0.006026 0.007982 0.009468 0.010858 0.011058 0.010518 0.010009 0.009367 0.008616 0.007772 0.006854 0.005947 0.005391
0.005921 0.007828 0.009275 0.010638 0.010834 0.010306 0.009808 0.009179 0.008443 0.007616 0.006717 0.005829 0.005283
0.005819 0.007678 0.009088 0.010424 0.010617 0.010100 0.009612 0.008996 0.008275 0.007465 0.006585 0.005714 0.005179
0.005719 0.007532 0.008907 0.010216 0.010407 0.009900 0.009422 0.008818 0.008112 0.007318 0.006455 0.005602 0.005078
0.005622 0.007390 0.008730 0.010014 0.010202 0.009706 0.009237 0.008646 0.007953 0.007175 0.006330 0.005493 0.004980
0.005528 0.007252 0.008558 0.009818 0.010003 0.009516 0.009057 0.008478 0.007799 0.007036 0.006208 0.005387 0.004884
0.005436 0.007117 0.008391 0.009627 0.009809 0.009333 0.008883 0.008314 0.007649 0.006901 0.006089 0.005285 0.004791
0.005346 0.006986 0.008228 0.009441 0.009620 0.009154 0.008713 0.008156 0.007503 0.006770 0.005973 0.005185 0.004701
0.005259 0.006859 0.008070 0.009261 0.009437 0.008979 0.008547 0.008001 0.007361 0.006642 0.005861 0.005087 0.004612
0.005173 0.006735 0.007916 0.009085 0.009259 0.008810 0.008386 0.007851 0.007223 0.006518 0.005752 0.004992 0.004527
0.005090 0.006615 0.007766 0.008913 0.009085 0.008645 0.008230 0.007704 0.007088 0.006397 0.005645 0.004900 0.004443
0.005009 0.006497 0.007621 0.008747 0.008916 0.008484 0.008077 0.007561 0.006957 0.006279 0.005541 0.004810 0.004362
0.004930 0.006383 0.007479 0.008584 0.008751 0.008328 0.007929 0.007423 0.006830 0.006164 0.005440 0.004723 0.004283
0.004852 0.006271 0.007340 0.008426 0.008591 0.008176 0.007784 0.007287 0.006705 0.006052 0.005342 0.004638 0.004206
0.004777 0.006162 0.007206 0.008272 0.008434 0.008027 0.007643 0.007156 0.006584 0.005943 0.005246 0.004555 0.004131
0.004703 0.006056 0.007074 0.008122 0.008282 0.007883 0.007505 0.007027 0.006466 0.005837 0.005153 0.004474 0.004058
0.004631 0.005953 0.006946 0.007976 0.008133 0.007742 0.007372 0.006902 0.006351 0.005733 0.005061 0.004395 0.003986
0.004561 0.005852 0.006821 0.007833 0.007989 0.007604 0.007241 0.006780 0.006239 0.005632 0.004973 0.004318 0.003917
0.004492 0.005753 0.006700 0.007694 0.007848 0.007470 0.007114 0.006661 0.006130 0.005534 0.004886 0.004243 0.003849
0.004425 0.005657 0.006581 0.007558 0.007710 0.007340 0.006990 0.006545 0.006023 0.005438 0.004802 0.004170 0.003783
0.004359 0.005564 0.006465 0.007426 0.007576 0.007212 0.006868 0.006432 0.005919 0.005344 0.004719 0.004099 0.003718
0.004295 0.005472 0.006352 0.007297 0.007445 0.007088 0.006750 0.006321 0.005818 0.005253 0.004639 0.004029 0.003655
0.004232 0.005383 0.006242 0.007171 0.007317 0.006966 0.006635 0.006213 0.005719 0.005163 0.004560 0.003961 0.003594
0.004171 0.005296 0.006135 0.007048 0.007192 0.006848 0.006522 0.006108 0.005622 0.005076 0.004484 0.003895 0.003534
0.004111 0.005211 0.006030 0.006928 0.007070 0.006732 0.006413 0.006005 0.005528 0.004991 0.004409 0.003830 0.003475
0.004052 0.005127 0.005927 0.006810 0.006951 0.006619 0.006305 0.005905 0.005436 0.004908 0.004336 0.003767 0.003418
0.003995 0.005046 0.005827 0.006696 0.006835 0.006509 0.006201 0.005807 0.005346 0.004827 0.004265 0.003705 0.003362
0.003939 0.004967 0.005729 0.006584 0.006722 0.006401 0.006098 0.005711 0.005258 0.004748 0.004195 0.003645 0.003307
0.003884 0.004889 0.005634 0.006475 0.006611 0.006296 0.005998 0.005618 0.005172 0.004671 0.004127 0.003586 0.003254
0.003830 0.004813 0.005541 0.006368 0.006503 0.006193 0.005901 0.005527 0.005088 0.004595 0.004061 0.003529 0.003202
0.003777 0.004739 0.005450 0.006264 0.006397 0.006093 0.005805 0.005438 0.005006 0.004521 0.003996 0.003472 0.003151
0.003725 0.004667 0.005361 0.006162 0.006294 0.005995 0.005712 0.005350 0.004926 0.004449 0.003932 0.003417 0.003101
0.003675 0.004596 0.005273 0.006062 0.006192 0.005899 0.005621 0.005265 0.004848 0.004379 0.003870 0.003364 0.003053
0.003625 0.004526 0.005188 0.005965 0.006094 0.005805 0.005532 0.005182 0.004771 0.004310 0.003809 0.003311 0.003005
0.003576 0.004459 0.005105 0.005870 0.005997 0.005713 0.005444 0.005100 0.004696 0.004242 0.003750 0.003260 0.002959
0.003529 0.004392 0.005024 0.005777 0.005902 0.005624 0.005359 0.005021 0.004623 0.004176 0.003692 0.003209 0.002913
0.003482 0.004327 0.004944 0.005685 0.005810 0.005536 0.005276 0.004943 0.004551 0.004112 0.003635 0.003160 0.002869
0.003436 0.004264 0.004866 0.005596 0.005720 0.005450 0.005194 0.004866 0.004481 0.004049 0.003580 0.003112 0.002825
0.003392 0.004201 0.004790 0.005509 0.005631 0.005366 0.005114 0.004792 0.004413 0.003987 0.003525 0.003065 0.002782
0.003348 0.004140 0.004716 0.005424 0.005545 0.005284 0.005036 0.004719 0.004346 0.003927 0.003472 0.003019 0.002741
0.003305 0.004081 0.004643 0.005340 0.005460 0.005203 0.004960 0.004647 0.004280 0.003867 0.003420 0.002974 0.002700
