0.000000 0.000000 0.000000 0.000000 0.000000 0.000000 0.000000 0.000000 0.000000 0.000000 0.000000 0.000000 0.000000
0.000000 0.000000 0.000000 0.000000 0.000000 0.000000 0.000000 0.000000 0.000000 0.000000 0.000000 0.000000 0.000000
0.000000 0.000000 0.000000 0.000000 0.000000 0.000000 0.000000 0.000000 0.000000 0.000000 0.000000 0.000000 0.000000
0.000000 0.000000 0.000000 0.000000 0.000000 0.000000 0.000000 0.000000 0.000000 0.000000 0.000000 0.000000 0.000000
0.000000 0.000000 0.000000 0.000000 0.000000 0.000000 0.000000 0.000000 0.000000 0.000000 0.000000 0.000000 0.000000
0.000000 0.000000 0.000000 0.000000 0.000000 0.000000 0.000000 0.000000 0.000000 0.000000 0.000000 0.000000 0.000000
0.000000 0.000000 0.000000 0.000000 0.000000 0.000000 0.000000 0.000000 0.000000 0.000000 0.000000 0.000000 0.000000
0.000000 0.000000 0.000000 0.000000 0.000000 0.000000 0.000000 0.000000 0.000000 0.000000 0.000000 0.000000 0.000000
0.000000 0.000000 0.000000 0.000000 0.000000 0.000000 0.000000 0.000000 0.000000 0.000000 0.000000 0.000000 0.000000
0.000000 0.000000 0.000000 0.000000 0.000000 0.000000 0.000000 0.000000 0.000000 0.000000 0.000000 0.000000 0.000000
0.000000 0.000000 0.000000 0.000000 0.000000 0.000000 0.000000 0.000000 0.000000 0.000000 0.000000 0.000000 0.000000
0.000000 0.000000 0.000000 0.000000 0.000000 0.000000 0.000000 0.000000 0.000000 0.000000 0.000000 0.000000 0.000000
0.000000 0.000000 0.000000 0.000000 0.000000 0.000000 0.000000 0.000000 0.000000 0.000000 0.000000 0.000000 0.000000
0.000000 0.000000 0.000000 0.000000 0.000000 0.000000 0.000000 0.000000 0.000000 0.000000 0.000000 0.000000 0.000000
0.000000 0.000000 0.000000 0.000000 0.000000 0.000000 0.000000 0.000000 0.000000 0.000000 0.000000 0.000000 0.000000
0.000000 0.000000 0.000000 0.000000 0.000000 0.000000 0.000000 0.000000 0.000000 0.000000 0.000000 0.000000 0.000000
0.000000 0.000000 0.000000 0.000000 0.000000 0.000000 0.000000 0.000000 0.000000 0.000000 0.000000 0.000000 0.000000
0.000000 0.000000 0.000000 0.000000 0.000000 0.000000 0.000000 0.000000 0.000000 0.000000 0.000000 0.000000 0.000000
0.000000 0.000000 0.000000 0.000000 0.000000 0.000000 0.000000 0.000000 0.000000 0.000000 0.000000 0.000000 0.000000
0.000000 0.000000 0.000000 0.000000 0.000000 0.000000 0.000000 0.000000 0.000000 0.000000 0.000000 0.000000 0.000000
0.000000 0.000000 0.000000 0.000000 0.000000 0.000000 0.000000 0.000000 0.000000 0.000000 0.000000 0.000000 0.000000
0.000000 0.000000 0.000000 0.000000 0.000000 0.000000 0.000000 0.000000 0.000000 0.000000 0.000000 0.000000 0.000000
0.000000 0.000000 0.000000 0.000000 0.000000 0.000000 0.000000 0.000000 0.000000 0.000000 0.000000 0.000000 0.000000
0.000000 0.000000 0.000000 0.000000 0.000000 0.000000 0.000000 0.000000 0.000000 0.000000 0.000000 0.000000 0.000000
0.000000 0.000000 0.000000 0.000000 0.000000 0.000000 0.000000 0.000000 0.000000 0.000000 0.000000 0.000000 0.000000
0.000000 0.000000 0.000000 0.000000 0.000000 0.000000 0.000000 0.000000 0.000000 0.000000 0.000000 0.000000 0.000000
0.000000 0.000000 0.000000 0.000000 0.000000 0.000000 0.000000 0.000000 0.000000 0.000000 0.000000 0.000000 0.000000
0.000000 0.000000 0.000000 0.000000 0.000000 0.000000 0.000000 0.000000 0.000000 0.000000 0.000000 0.000000 0.000000
0.000000 0.000000 0.000000 0.000000 0.000000 0.000000 0.000000 0.000000 0.000000 0.000000 0.000000 0.000000 0.000000
0.000000 0.000000 0.000000 0.000000 0.000000 0.000000 0.000000 0.000000 0.000000 0.000000 0.000000 0.000000 0.000000
0.000000 0.000000 0.000000 0.000000 0.000000 0.000000 0.000000 0.000000 0.000000 0.000000 0.000000 0.000000 0.000000
0.000000 0.000000 0.000000 0.000000 0.000000 0.000000 0.000000 0.000000 0.000000 0.000000 0.000000 0.000000 0.000000
0.000000 0.000000 0.000000 0.000000 0.000000 0.000000 0.000000 0.000000 0.000000 0.000000 0.000000 0.000000 0.000000
0.000000 0.000000 0.000000 0.000000 0.000000 0.000000 0.000000 0.000000 0.000000 0.000000 0.000000 0.000000 0.000000
0.000000 0.000000 0.000000 0.000000 0.000000 0.000000 0.000000 0.000000 0.000000 0.000000 0.000000 0.000000 0.000000
0.000000 0.000000 0.000000 0.000000 0.000000 0.000000 0.000000 0.000000 0.000000 0.000000 0.000000 0.000000 0.000000
0.000000 0.000000 0.000000 0.000000 0.000000 0.000000 0.000000 0.000000 0.000000 0.000000 0.000000 0.000000 0.000000
0.000000 0.000000 0.000000 0.000000 0.000000 0.000000 0.000000 0.000000 0.000000 0.000000 0.000000 0.000000 0.000000
0.000000 0.000000 0.000000 0.000000 0.000000 0.000000 0.000000 0.000000 0.000000 0.000000 0.000000 0.000000 0.000000
0.000000 0.000000 0.000000 0.000000 0.000000 0.000000 0.000000 0.000000 0.000000 0.000000 0.000000 0.000000 0.000000
0.000000 0.000000 0.000000 0.000000 0.000000 0.000000 0.000000 0.000000 0.000000 0.000000 0.000000 0.000000 0.000000
0.000000 0.000000 0.000000 0.000000 0.000000 0.000000 0.000000 0.000000 0.000000 0.000000 0.000000 0.000000 0.000000
0.000000 0.000000 0.000000 0.000000 0.000000 0.000000 0.000000 0.000000 0.000000 0.000000 0.000000 0.000000 0.000000
0.000000 0.000000 0.000000 0.000000 0.000000 0.000000 0.000000 0.000000 0.000000 0.000000 0.000000 0.000000 0.000000
0.000000 0.000000 0.000000 0.000000 0.000000 0.000000 0.000000 0.000000 0.000000 0.000000 0.000000 0.000000 0.000000
0.000000 0.000000 0.000000 0.000000 0.000000 0.000000 0.000000 0.000000 0.000000 0.000000 0.000000 0.000000 0.000000
0.000000 0.000000 0.000000 0.000000 0.000000 0.000000 0.000000 0.000000 0.000000 0.000000 0.000000 0.000000 0.000000
0.000000 0.000000 0.000000 0.000000 0.000000 0.000000 0.000000 0.000000 0.000000 0.000000 0.000000 0.000000 0.000000
0.000000 0.000000 0.000000 0.000000 0.000000 0.000000 0.000000 0.000000 0.000000 0.000000 0.000000 0.000000 0.000000
0.000000 0.000000 0.000000 0.000000 0.000000 0.000000 0.000000 0.000000 0.000000 0.000000 0.000000 0.000000 0.000000
0.000000 0.000000 0.000000 0.000000 0.000000 0.000000 0.000000 0.000000 0.000000 0.000000 0.000000 0.000000 0.000000
0.000000 0.000000 0.000000 0.000000 0.000000 0.000000 0.000000 0.000000 0.000000 0.000000 0.000000 0.000000 0.000000
0.000000 0.000000 0.000000 0.000000 0.000000 0.000000 0.000000 0.000000 0.000000 0.000000 0.000000 0.000000 0.000000
0.000000 0.000000 0.000000 0.000000 0.000000 0.000000 0.000000 0.000000 0.000000 0.000000 0.000000 0.000000 0.000000
0.000000 0.000000 0.000000 0.000000 0.000000 0.000000 0.000000 0.000000 0.000000 0.000000 0.000000 0.000000 0.000000
0.000000 0.000000 0.000000 0.000000 0.000000 0.000000 0.000000 0.000000 0.000000 0.000000 0.000000 0.000000 0.000000
0.000000 0.000000 0.000000 0.000000 0.000000 0.000000 0.000000 0.000000 0.000000 0.000000 0.000000 0.000000 0.000000
0.000000 0.000000 0.000000 0.000000 0.000000 0.000000 0.000000 0.000000 0.000000 0.000000 0.000000 0.000000 0.000000
0.000000 0.000000 0.000000 0.000000 0.000000 0.000000 0.000000 0.000000 0.000000 0.000000 0.000000 0.000000 0.000000
0.000000 0.000000 0.000000 0.000000 0.000000 0.000000 0.000000 0.000000 0.000000 0.000000 0.000000 0.000000 0.000000
0.000000 0.000000 0.000000 0.000000 0.000000 0.000000 0.000000 0.000000 0.000000 0.000000 0.000000 0.000000 0.000000
0.000000 0.000000 0.000000 0.000000 0.000000 0.000000 0.000000 0.000000 0.000000 0.000000 0.000000 0.000000 0.000000
0.000000 0.000000 0.000000 0.000000 0.000000 0.000000 0.000000 0.000000 0.000000 0.000000 0.000000 0.000000 0.000000
0.000000 0.000000 0.000000 0.000000 0.000000 0.000000 0.000000 0.000000 0.000000 0.000000 0.000000 0.000000 0.000000
0.000000 0.000000 0.000000 0.000000 0.000000 0.000000 0.000000 0.000000 0.000000 0.000000 0.000000 0.000000 0.000000
0.000000 0.000000 0.000000 0.000000 0.000000 0.000000 0.000000 0.000000 0.000000 0.000000 0.000000 0.000000 0.000000
0.000000 0.000000 0.000000 0.000000 0.000000 0.000000 0.000000 0.000000 0.000000 0.000000 0.000000 0.000000 0.000000
0.000000 0.000000 0.000000 0.000000 0.000000 0.000000 0.000000 0.000000 0.000000 0.000000 0.000000 0.000000 0.000000
0.000000 0.000000 0.000000 0.000000 0.000000 0.000000 0.000000 0.000000 0.000000 0.000000 0.000000 0.000000 0.000000
0.000000 0.000000 0.000000 0.000000 0.000000 0.000000 0.000000 0.000000 0.000000 0.000000 0.000000 0.000000 0.000000
0.000000 0.000000 0.000000 0.000000 0.000000 0.000000 0.000000 0.000000 0.000000 0.000000 0.000000 0.000000 0.000000
0.000000 0.000000 0.000000 0.000000 0.000000 0.000000 0.000000 0.000000 0.000000 0.000000 0.000000 0.000000 0.000000
0.000000 0.000000 0.000000 0.000000 0.000000 0.000000 0.000000 0.000000 0.000000 0.000000 0.000000 0.000000 0.000000
0.000000 0.000000 0.000000 0.000000 0.000000 0.000000 0.000000 0.000000 0.000000 0.000000 0.000000 0.000000 0.000000
0.000000 0.000000 0.000000 0.000000 0.000000 0.000000 0.000000 0.000000 0.000000 0.000000 0.000000 0.000000 0.000000
0.000000 0.000000 0.000000 0.000000 0.000000 0.000000 0.000000 0.000000 0.000000 0.000000 0.000000 0.000000 0.000000
0.000000 0.000000 0.000000 0.000000 0.000000 0.000000 0.000000 0.000000 0.000000 0.000000 0.000000 0.000000 0.000000
0.000000 0.000000 0.000000 0.000000 0.000000 0.000000 0.000000 0.000000 0.000000 0.000000 0.000000 0.000000 0.000000
0.000000 0.000000 0.000000 0.000000 0.000000 0.000000 0.000000 0.000000 0.000000 0.000000 0.000000 0.000000 0.000000
0.000000 0.000000 0.000000 0.000000 0.000000 0.000000 0.000000 0.000000 0.000000 0.000000 0.000000 0.000000 0.000000
0.000000 0.000000 0.000000 0.000000 0.000000 0.000000 0.000000 0.000000 0.000000 0.000000 0.000000 0.000000 0.000000
0.000000 0.000000 0.000000 0.000000 0.000000 0.000000 0.000000 0.000000 0.000000 0.000000 0.000000 0.000000 0.000000
0.000000 0.000000 0.000000 0.000000 0.000000 0.000000 0.000000 0.000000 0.000000 0.000000 0.000000 0.000000 0.000000
0.000000 0.000000 0.000000 0.000000 0.000000 0.000000 0.000000 0.000000 0.000000 0.000000 0.000000 0.000000 0.000000
0.000000 0.000000 0.000000 0.000000 0.000000 0.000000 0.000000 0.000000 0.000000 0.000000 0.000000 0.000000 0.000000
0.000000 0.000000 0.000000 0.000000 0.000000 0.000000 0.000000 0.000000 0.000000 0.000000 0.000000 0.000000 0.000000
0.000000 0.000000 0.000000 0.000000 0.000000 0.000000 0.000000 0.000000 0.000000 0.000000 0.000000 0.000000 0.000000
0.000000 0.000000 0.000000 0.000000 0.000000 0.000000 0.000000 0.000000 0.000000 0.000000 0.000000 0.000000 0.000000
0.000000 0.000000 0.000000 0.000000 0.000000 0.000000 0.000000 0.000000 0.000000 0.000000 0.000000 0.000000 0.000000
0.000000 0.000000 0.000000 0.000000 0.000000 0.000000 0.000000 0.000000 0.000000 0.000000 0.000000 0.000000 0.000000
0.000000 0.000000 0.000000 0.000000 0.000000 0.000000 0.000000 0.000000 0.000000 0.000000 0.000000 0.000000 0.000000
0.000000 0.000000 0.000000 0.000000 0.000000 0.000000 0.000000 0.000000 0.000000 0.000000 0.000000 0.000000 0.000000
0.000000 0.000000 0.000000 0.000000 0.000000 0.000000 0.000000 0.000000 0.000000 0.000000 0.000000 0.000000 0.000000
0.000000 0.000000 0.000000 0.000000 0.000000 0.000000 0.000000 0.000000 0.000000 0.000000 0.000000 0.000000 0.000000
0.000000 0.000000 0.000000 0.000000 0.000000 0.000000 0.000000 0.000000 0.000000 0.000000 0.000000 0.000000 0.000000
0.000000 0.000000 0.000000 0.000000 0.000000 0.000000 0.000000 0.000000 0.000000 0.000000 0.000000 0.000000 0.000000
0.000000 0.000000 0.000000 0.000000 0.000000 0.000000 0.000000 0.000000 0.000000 0.000000 0.000000 0.000000 0.000000
0.000000 0.000000 0.000000 0.000000 0.000000 0.000000 0.000000 0.000000 0.000000 0.000000 0.000000 0.000000 0.000000
0.000000 0.000000 0.000000 0.000000 0.000000 0.000000 0.000000 0.000000 0.000000 0.000000 0.000000 0.000000 0.000000
0.000000 0.000000 0.000000 0.000000 0.000000 0.000000 0.000000 0.000000 0.000000 0.000000 0.000000 0.000000 0.000000
0.000000 0.000000 0.000000 0.000000 0.000000 0.000000 0.000000 0.000000 0.000000 0.000000 0.000000 0.000000 0.000000
0.000000 0.000000 0.000000 0.000000 0.000000 0.000000 0.000000 0.000000 0.000000 0.000000 0.000000 0.000000 0.000000
0.000000 0.000000 0.000000 0.000000 0.000000 0.000000 0.000000 0.000000 0.000000 0.000000 0.000000 0.000000 0.000000
0.000000 0.000000 0.000000 0.000000 0.000000 0.000000 0.000000 0.000000 0.000000 0.000000 0.000000 0.000000 0.000000
0.000000 0.000000 0.000000 0.000000 0.000000 0.000000 0.000000 0.000000 0.000000 0.000000 0.000000 0.000000 0.000000
0.000000 0.000000 0.000000 0.000000 0.000000 0.000000 0.000000 0.000000 0.000000 0.000000 0.000000 0.000000 0.000000
0.000000 0.000000 0.000000 0.000000 0.000000 0.000000 0.000000 0.000000 0.000000 0.000000 0.000000 0.000000 0.000000
0.000000 0.000000 0.000000 0.000000 0.000000 0.000000 0.000000 0.000000 0.000000 0.000000 0.000000 0.000000 0.000000
0.000000 0.000000 0.000000 0.000000 0.000000 0.000000 0.000000 0.000000 0.000000 0.000000 0.000000 0.000000 0.000000
0.000000 0.000000 0.000000 0.000000 0.000000 0.000000 0.000000 0.000000 0.000000 0.000000 0.000000 0.000000 0.000000
0.000000 0.000000 0.000000 0.000000 0.000000 0.000000 0.000000 0.000000 0.000000 0.000000 0.000000 0.000000 0.000000
0.000000 0.000000 0.000000 0.000000 0.000000 0.000000 0.000000 0.000000 0.000000 0.000000 0.000000 0.000000 0.000000
0.000000 0.000000 0.000000 0.000000 0.000000 0.000000 0.000000 0.000000 0.000000 0.000000 0.000000 0.000000 0.000000
0.000000 0.000000 0.000000 0.000000 0.000000 0.000000 0.000000 0.000000 0.000000 0.000000 0.000000 0.000000 0.000000
0.000000 0.000000 0.000000 0.000000 0.000000 0.000000 0.000000 0.000000 0.000000 0.000000 0.000000 0.000000 0.000000
0.000000 0.000000 0.000000 0.000000 0.000000 0.000000 0.000000 0.000000 0.000000 0.000000 0.000000 0.000000 0.000000
0.000000 0.000000 0.000000 0.000000 0.000000 0.000000 0.000000 0.000000 0.000000 0.000000 0.000000 0.000000 0.000000
0.000000 0.000000 0.000000 0.000000 0.000000 0.000000 0.000000 0.000000 0.000000 0.000000 0.000000 0.000000 0.000000
0.000000 0.000000 0.000000 0.000000 0.000000 0.000000 0.000000 0.000000 0.000000 0.000000 0.000000 0.000000 0.000000
0.000000 0.000000 0.000000 0.000000 0.000000 0.000000 0.000000 0.000000 0.000000 0.000000 0.000000 0.000000 0.000000
0.000000 0.000000 0.000000 0.000000 0.000000 0.000000 0.000000 0.000000 0.000000 0.000000 0.000000 0.000000 0.000000
0.000000 0.000000 0.000000 0.000000 0.000000 0.000000 0.000000 0.000000 0.000000 0.000000 0.000000 0.000000 0.000000
0.000000 0.000000 0.000000 0.000000 0.000000 0.000000 0.000000 0.000000 0.000000 0.000000 0.000000 0.000000 0.000000
0.000000 0.000000 0.000000 0.000000 0.000000 0.000000 0.000000 0.000000 0.000000 0.000000 0.000000 0.000000 0.000000
0.000000 0.000000 0.000000 0.000000 0.000000 0.000000 0.000000 0.000000 0.000000 0.000000 0.000000 0.000000 0.000000
0.000001 0.000004 0.000006 0.000006 0.000006 0.000005 0.000005 0.000004 0.000004 0.000004 0.000003 0.000003 0.000003
0.000004 0.000015 0.000026 0.000026 0.000024 0.000022 0.000020 0.000019 0.000017 0.000016 0.000015 0.000013 0.000013
0.000007 0.000027 0.000045 0.000045 0.000042 0.000038 0.000036 0.000033 0.000031 0.000028 0.000026 0.000023 0.000023
0.000010 0.000039 0.000065 0.000065 0.000061 0.000055 0.000051 0.000048 0.000044 0.000041 0.000037 0.000033 0.000033
0.000014 0.000050 0.000084 0.000085 0.000079 0.000072 0.000067 0.000062 0.000058 0.000053 0.000048 0.000044 0.000043
0.000017 0.000062 0.000104 0.000105 0.000097 0.000089 0.000083 0.000077 0.000071 0.000066 0.000059 0.000054 0.000053
0.000020 0.000074 0.000124 0.000125 0.000116 0.000106 0.000098 0.000091 0.000085 0.000078 0.000071 0.000064 0.000063
0.000023 0.000086 0.000144 0.000145 0.000135 0.000123 0.000114 0.000106 0.000098 0.000091 0.000082 0.000074 0.000073
0.000026 0.000098 0.000164 0.000165 0.000154 0.000140 0.000130 0.000121 0.000112 0.000103 0.000094 0.000085 0.000083
0.000030 0.000110 0.000185 0.000186 0.000173 0.000157 0.000146 0.000136 0.000126 0.000116 0.000105 0.000095 0.000093
0.000033 0.000123 0.000205 0.000206 0.000192 0.000175 0.000163 0.000151 0.000140 0.000129 0.000117 0.000106 0.000104
0.000036 0.000135 0.000226 0.000227 0.000212 0.000193 0.000179 0.000166 0.000154 0.000142 0.000129 0.000117 0.000114
0.000040 0.000148 0.000248 0.000249 0.000232 0.000211 0.000196 0.000182 0.000169 0.000156 0.000141 0.000128 0.000125
0.000043 0.000161 0.000269 0.000270 0.000252 0.000229 0.000213 0.000198 0.000183 0.000169 0.000153 0.000139 0.000136
0.000047 0.000174 0.000291 0.000292 0.000272 0.000248 0.000230 0.000214 0.000198 0.000183 0.000166 0.000150 0.000147
0.000050 0.000187 0.000313 0.000314 0.000293 0.000266 0.000248 0.000230 0.000213 0.000197 0.000178 0.000162 0.000158
0.000054 0.000200 0.000336 0.000337 0.000314 0.000286 0.000266 0.000246 0.000229 0.000211 0.000191 0.000173 0.000170
0.000057 0.000214 0.000358 0.000360 0.000335 0.000305 0.000284 0.000263 0.000244 0.000225 0.000204 0.000185 0.000181
0.000061 0.000228 0.000382 0.000384 0.000357 0.000325 0.000302 0.000280 0.000260 0.000240 0.000217 0.000197 0.000193
0.000065 0.000242 0.000406 0.000408 0.000380 0.000345 0.000321 0.000298 0.000276 0.000255 0.000231 0.000209 0.000205
0.000069 0.000257 0.000430 0.000432 0.000402 0.000366 0.000341 0.000316 0.000293 0.000270 0.000245 0.000222 0.000218
0.000073 0.000272 0.000455 0.000457 0.000426 0.000387 0.000360 0.000334 0.000310 0.000286 0.000259 0.000235 0.000230
0.000077 0.000287 0.000481 0.000483 0.000450 0.000409 0.000381 0.000353 0.000327 0.000302 0.000274 0.000248 0.000243
0.000081 0.000303 0.000507 0.000509 0.000474 0.000431 0.000401 0.000372 0.000345 0.000318 0.000288 0.000262 0.000256
0.000086 0.000319 0.000534 0.000536 0.000499 0.000454 0.000422 0.000391 0.000363 0.000335 0.000304 0.000275 0.000270
0.000090 0.000336 0.000561 0.000564 0.000525 0.000477 0.000444 0.000411 0.000382 0.000352 0.000319 0.000290 0.000284
0.000095 0.000353 0.000589 0.000592 0.000551 0.000501 0.000466 0.000432 0.000401 0.000370 0.000335 0.000304 0.000298
0.000099 0.000370 0.000618 0.000621 0.000578 0.000526 0.000489 0.000453 0.000421 0.000388 0.000352 0.000319 0.000313
0.000104 0.000388 0.000648 0.000651 0.000606 0.000551 0.000513 0.000475 0.000441 0.000407 0.000369 0.000335 0.000328
0.000109 0.000406 0.000679 0.000682 0.000635 0.000578 0.000537 0.000498 0.000462 0.000426 0.000386 0.000351 0.000344
0.000114 0.000426 0.000711 0.000714 0.000665 0.000605 0.000563 0.000521 0.000484 0.000446 0.000405 0.000367 0.000360
0.000120 0.000445 0.000744 0.000747 0.000696 0.000633 0.000588 0.000545 0.000506 0.000467 0.000423 0.000384 0.000377
0.000125 0.000466 0.000778 0.000781 0.000727 0.000661 0.000615 0.000570 0.000529 0.000488 0.000443 0.000402 0.000394
0.000131 0.000487 0.000813 0.000816 0.000760 0.000691 0.000643 0.000596 0.000553 0.000510 0.000462 0.000420 0.000412
0.000137 0.000509 0.000849 0.000853 0.000794 0.000722 0.000672 0.000622 0.000577 0.000533 0.000483 0.000438 0.000430
0.000143 0.000531 0.000887 0.000890 0.000829 0.000754 0.000701 0.000650 0.000603 0.000556 0.000505 0.000458 0.000449
0.000150 0.000555 0.000926 0.000930 0.000866 0.000787 0.000732 0.000678 0.000629 0.000581 0.000527 0.000478 0.000469
0.000156 0.000579 0.000966 0.000970 0.000904 0.000822 0.000764 0.000708 0.000657 0.000606 0.000550 0.000499 0.000489
0.000163 0.000605 0.001009 0.001013 0.000943 0.000857 0.000797 0.000739 0.000685 0.000632 0.000574 0.000521 0.000511
0.000170 0.000631 0.001053 0.001057 0.000984 0.000895 0.000832 0.000771 0.000715 0.000660 0.000599 0.000543 0.000533
0.000178 0.000659 0.001098 0.001102 0.001027 0.000933 0.000868 0.000804 0.000746 0.000688 0.000625 0.000567 0.000556
0.000186 0.000687 0.001146 0.001150 0.001071 0.000974 0.000906 0.000839 0.000778 0.000718 0.000652 0.000592 0.000580
0.000194 0.000717 0.001196 0.001200 0.001118 0.001016 0.000945 0.000875 0.000812 0.000749 0.000680 0.000617 0.000606
0.000202 0.000749 0.001247 0.001252 0.001166 0.001060 0.000986 0.000913 0.000847 0.000782 0.000709 0.000644 0.000632
0.000211 0.000781 0.001302 0.001306 0.001217 0.001106 0.001029 0.000953 0.000884 0.000816 0.000740 0.000672 0.000660
0.000220 0.000816 0.001359 0.001363 0.001270 0.001154 0.001073 0.000994 0.000922 0.000851 0.000773 0.000701 0.000688
0.000230 0.000852 0.001418 0.001423 0.001325 0.001205 0.001120 0.001037 0.000962 0.000888 0.000806 0.000732 0.000719
0.000241 0.000889 0.001481 0.001485 0.001383 0.001258 0.001169 0.001083 0.001004 0.000927 0.000842 0.000764 0.000750
0.000251 0.000929 0.001546 0.001551 0.001445 0.001313 0.001221 0.001131 0.001049 0.000968 0.000879 0.000798 0.000783
0.000263 0.000971 0.001615 0.001620 0.001509 0.001372 0.001275 0.001181 0.001095 0.001011 0.000918 0.000834 0.000818
0.000275 0.001014 0.001688 0.001693 0.001577 0.001433 0.001332 0.001234 0.001144 0.001056 0.000960 0.000871 0.000855
0.000287 0.001061 0.001764 0.001769 0.001648 0.001498 0.001393 0.001290 0.001196 0.001104 0.001003 0.000911 0.000894
0.000301 0.001109 0.001845 0.001850 0.001723 0.001567 0.001456 0.001348 0.001251 0.001154 0.001049 0.000952 0.000935
0.000315 0.001161 0.001930 0.001935 0.001803 0.001639 0.001523 0.001411 0.001308 0.001208 0.001097 0.000996 0.000978
0.000330 0.001215 0.002020 0.002026 0.001887 0.001715 0.001594 0.001476 0.001369 0.001264 0.001148 0.001043 0.001024
0.000346 0.001273 0.002115 0.002121 0.001975 0.001796 0.001669 0.001546 0.001434 0.001323 0.001202 0.001092 0.001072
0.000362 0.001334 0.002217 0.002222 0.002070 0.001882 0.001749 0.001619 0.001502 0.001386 0.001260 0.001144 0.001124
0.000380 0.001399 0.002324 0.002330 0.002170 0.001973 0.001833 0.001698 0.001574 0.001453 0.001321 0.001199 0.001178
0.000399 0.001468 0.002438 0.002444 0.002276 0.002069 0.001923 0.001781 0.001652 0.001525 0.001386 0.001258 0.001236
0.000419 0.001542 0.002560 0.002566 0.002390 0.002172 0.002019 0.001869 0.001734 0.001601 0.001455 0.001321 0.001298
0.000441 0.001621 0.002690 0.002696 0.002511 0.002282 0.002121 0.001964 0.001821 0.001681 0.001528 0.001388 0.001364
0.000464 0.001705 0.002828 0.002834 0.002640 0.002400 0.002230 0.002065 0.001915 0.001768 0.001607 0.001460 0.001434
0.000489 0.001794 0.002976 0.002983 0.002778 0.002525 0.002347 0.002173 0.002015 0.001860 0.001691 0.001536 0.001509
0.000515 0.001891 0.003135 0.003142 0.002926 0.002660 0.002472 0.002289 0.002122 0.001959 0.001782 0.001618 0.001590
0.000544 0.001994 0.003306 0.003312 0.003085 0.002804 0.002606 0.002413 0.002237 0.002066 0.001878 0.001706 0.001676
0.000574 0.002105 0.003490 0.003496 0.003256 0.002960 0.002750 0.002546 0.002361 0.002180 0.001983 0.001801 0.001770
0.000607 0.002225 0.003687 0.003694 0.003440 0.003127 0.002906 0.002690 0.002495 0.002303 0.002095 0.001903 0.001870
0.000643 0.002355 0.003901 0.003907 0.003639 0.003308 0.003074 0.002846 0.002639 0.002437 0.002216 0.002013 0.001978
0.000682 0.002495 0.004132 0.004138 0.003854 0.003504 0.003255 0.003014 0.002795 0.002581 0.002347 0.002132 0.002096
0.000724 0.002647 0.004383 0.004389 0.004088 0.003716 0.003453 0.003197 0.002964 0.002737 0.002490 0.002262 0.002223
0.000770 0.002813 0.004656 0.004662 0.004341 0.003947 0.003667 0.003395 0.003148 0.002907 0.002644 0.002402 0.002362
0.000819 0.002993 0.004953 0.004959 0.004618 0.004198 0.003901 0.003611 0.003349 0.003092 0.002813 0.002556 0.002512
0.000874 0.003190 0.005278 0.005283 0.004920 0.004473 0.004156 0.003848 0.003568 0.003294 0.002997 0.002723 0.002677
0.000934 0.003406 0.005634 0.005639 0.005252 0.004774 0.004435 0.004106 0.003808 0.003516 0.003199 0.002907 0.002858
0.000999 0.003644 0.006025 0.006030 0.005615 0.005105 0.004743 0.004391 0.004071 0.003760 0.003421 0.003109 0.003056
0.001072 0.003906 0.006456 0.006460 0.006017 0.005469 0.005081 0.004705 0.004362 0.004028 0.003666 0.003331 0.003275
0.001152 0.004196 0.006933 0.006937 0.006460 0.005873 0.005456 0.005051 0.004684 0.004325 0.003936 0.003577 0.003517
0.001241 0.004517 0.007462 0.007466 0.006953 0.006320 0.005872 0.005436 0.005041 0.004655 0.004237 0.003850 0.003786
0.001340 0.004876 0.008052 0.008055 0.007502 0.006819 0.006335 0.005865 0.005438 0.005022 0.004571 0.004154 0.004086
0.001451 0.005277 0.008712 0.008714 0.008115 0.007377 0.006853 0.006345 0.005883 0.005433 0.004946 0.004495 0.004420
0.001576 0.005728 0.009453 0.009454 0.008805 0.008004 0.007436 0.006884 0.006383 0.005894 0.005366 0.004877 0.004797
0.001717 0.006236 0.010290 0.010290 0.009583 0.008711 0.008093 0.007492 0.006947 0.006415 0.005841 0.005309 0.005222
0.001877 0.006814 0.011240 0.011238 0.010466 0.009514 0.008838 0.008183 0.007587 0.007006 0.006380 0.005799 0.005704
0.002060 0.007473 0.012323 0.012320 0.011473 0.010429 0.009689 0.008970 0.008317 0.007681 0.006994 0.006358 0.006254
0.002270 0.008229 0.013567 0.013561 0.012629 0.011480 0.010665 0.009874 0.009154 0.008455 0.007699 0.006999 0.006885
0.002512 0.009103 0.015003 0.014994 0.013964 0.012694 0.011792 0.010917 0.010122 0.009348 0.008514 0.007740 0.007614
0.002795 0.010120 0.016673 0.016662 0.015517 0.014105 0.013103 0.012131 0.011248 0.010388 0.009461 0.008601 0.008462
0.003126 0.011312 0.018633 0.018618 0.017338 0.015761 0.014641 0.013555 0.012567 0.011607 0.010572 0.009612 0.009457
0.003518 0.012723 0.020950 0.020930 0.019492 0.017719 0.016460 0.015239 0.014128 0.013049 0.011887 0.010807 0.010634
0.003986 0.014408 0.023718 0.023692 0.022064 0.020057 0.018632 0.017250 0.015993 0.014771 0.013456 0.012235 0.012039
0.004552 0.016443 0.027059 0.027027 0.025169 0.022879 0.021253 0.019677 0.018243 0.016850 0.015351 0.013958 0.013736
0.005244 0.018930 0.031143 0.031101 0.028963 0.026328 0.024457 0.022643 0.020993 0.019390 0.017667 0.016064 0.015809
0.006101 0.022011 0.036201 0.036147 0.033663 0.030600 0.028425 0.026317 0.024399 0.022537 0.020535 0.018673 0.018377
0.007181 0.025889 0.042566 0.042496 0.039576 0.035975 0.033418 0.030940 0.028685 0.026496 0.024144 0.021956 0.021609
0.008564 0.030857 0.050718 0.050628 0.047148 0.042859 0.039812 0.036860 0.034173 0.031567 0.028766 0.026160 0.025749
0.010373 0.037353 0.061376 0.061258 0.057048 0.051858 0.048172 0.044599 0.041349 0.038195 0.034809 0.031657 0.031160
0.012796 0.046050 0.075644 0.075488 0.070299 0.063904 0.059361 0.054960 0.050954 0.047068 0.042898 0.039015 0.038406
0.016132 0.058021 0.095278 0.095068 0.088533 0.080479 0.074758 0.069215 0.064170 0.059278 0.054030 0.049142 0.048376
0.020874 0.075030 0.123171 0.122881 0.114434 0.104024 0.096630 0.089465 0.082944 0.076623 0.069843 0.063527 0.062541
0.027862 0.100087 0.164253 0.163843 0.152579 0.138699 0.128840 0.119288 0.110594 0.102167 0.093132 0.084714 0.083404
0.038566 0.138454 0.227145 0.226544 0.210969 0.191777 0.178146 0.164940 0.152918 0.141268 0.128785 0.117149 0.115343
0.055525 0.199217 0.326729 0.325816 0.303415 0.275814 0.256211 0.237219 0.219928 0.203178 0.185235 0.168506 0.165918
0.082505 0.295837 0.485040 0.483611 0.450359 0.409393 0.380296 0.352109 0.326445 0.301587 0.274971 0.250149 0.246320
0.121201 0.434326 0.711872 0.709667 0.660869 0.600755 0.558061 0.516702 0.479041 0.442573 0.403539 0.367127 0.361526
0.156477 0.560402 0.918223 0.915238 0.852302 0.774777 0.719718 0.666384 0.617814 0.570793 0.520482 0.473539 0.466340
0.153120 0.548050 0.897697 0.894640 0.833117 0.757339 0.703523 0.651395 0.603919 0.557966 0.508816 0.462946 0.455933
0.115443 0.412949 0.676188 0.673780 0.627442 0.570374 0.529846 0.490591 0.454837 0.420236 0.383242 0.348708 0.343443
0.078267 0.279801 0.458016 0.456313 0.424930 0.386282 0.358837 0.332255 0.308041 0.284613 0.259574 0.236194 0.232640
0.053004 0.189374 0.309894 0.308693 0.287461 0.261317 0.242752 0.224772 0.208391 0.192546 0.175617 0.159806 0.157410
0.037141 0.132621 0.216952 0.216077 0.201214 0.182915 0.169921 0.157337 0.145872 0.134783 0.122940 0.111877 0.110205
0.027068 0.096597 0.157971 0.157308 0.146487 0.133166 0.123707 0.114547 0.106200 0.098129 0.089512 0.081460 0.080247
0.020442 0.072910 0.119195 0.118675 0.110511 0.100462 0.093327 0.086417 0.080121 0.074033 0.067536 0.061464 0.060552
0.015913 0.056723 0.092702 0.092283 0.085934 0.078120 0.072572 0.067200 0.062304 0.057571 0.052522 0.047802 0.047095
0.012705 0.045262 0.073947 0.073601 0.068537 0.062305 0.057881 0.053597 0.049692 0.045918 0.041894 0.038130 0.037569
0.010361 0.036890 0.060250 0.059958 0.055833 0.050756 0.047153 0.043664 0.040483 0.037409 0.034132 0.031067 0.030611
0.008602 0.030609 0.049975 0.049725 0.046303 0.042093 0.039105 0.036212 0.033574 0.031026 0.028309 0.025769 0.025392
0.007250 0.025785 0.042086 0.041868 0.038987 0.035442 0.032927 0.030491 0.028270 0.026125 0.023839 0.021700 0.021384
0.006191 0.022006 0.035906 0.035714 0.033256 0.030232 0.028087 0.026010 0.024115 0.022286 0.020337 0.018514 0.018245
0.005346 0.018993 0.030979 0.030809 0.028688 0.026080 0.024230 0.022438 0.020804 0.019226 0.017546 0.015973 0.015742
0.004662 0.016554 0.026992 0.026839 0.024992 0.022720 0.021108 0.019548 0.018124 0.016750 0.015287 0.013918 0.013717
0.004101 0.014553 0.023722 0.023583 0.021960 0.019964 0.018548 0.017177 0.015926 0.014719 0.013434 0.012231 0.012055
0.003635 0.012892 0.021007 0.020881 0.019443 0.017676 0.016423 0.015209 0.014102 0.013033 0.011896 0.010831 0.010676
0.003244 0.011498 0.018730 0.018614 0.017332 0.015757 0.014640 0.013558 0.012571 0.011619 0.010606 0.009657 0.009519
0.002912 0.010318 0.016801 0.016694 0.015545 0.014132 0.013131 0.012161 0.011275 0.010421 0.009513 0.008663 0.008539
0.002629 0.009309 0.015154 0.015055 0.014018 0.012744 0.011841 0.010967 0.010169 0.009398 0.008580 0.007813 0.007702
0.002385 0.008441 0.013736 0.013644 0.012704 0.011550 0.010732 0.009939 0.009216 0.008518 0.007777 0.007082 0.006982
0.002173 0.007688 0.012507 0.012421 0.011565 0.010514 0.009770 0.009049 0.008390 0.007755 0.007080 0.006448 0.006357
0.001989 0.007031 0.011435 0.011354 0.010572 0.009611 0.008931 0.008272 0.007670 0.007089 0.006473 0.005895 0.005813
0.001827 0.006455 0.010494 0.010418 0.009700 0.008819 0.008195 0.007590 0.007038 0.006505 0.005940 0.005410 0.005335
0.001683 0.005946 0.009664 0.009592 0.008931 0.008120 0.007545 0.006989 0.006480 0.005990 0.005470 0.004982 0.004913
0.001556 0.005495 0.008928 0.008860 0.008249 0.007500 0.006969 0.006455 0.005986 0.005533 0.005053 0.004603 0.004539
0.001443 0.005093 0.008272 0.008208 0.007642 0.006948 0.006457 0.005981 0.005546 0.005127 0.004682 0.004265 0.004206
0.001342 0.004734 0.007686 0.007624 0.007099 0.006454 0.005998 0.005556 0.005152 0.004763 0.004350 0.003962 0.003908
0.001251 0.004411 0.007159 0.007101 0.006612 0.006011 0.005586 0.005174 0.004798 0.004436 0.004052 0.003691 0.003640
0.001169 0.004120 0.006684 0.006629 0.006172 0.005611 0.005215 0.004831 0.004480 0.004141 0.003783 0.003446 0.003399
0.001095 0.003857 0.006255 0.006202 0.005774 0.005250 0.004879 0.004520 0.004191 0.003875 0.003540 0.003225 0.003181
0.001027 0.003618 0.005866 0.005815 0.005414 0.004922 0.004575 0.004238 0.003930 0.003633 0.003319 0.003024 0.002983
0.000966 0.003400 0.005511 0.005462 0.005086 0.004624 0.004297 0.003981 0.003692 0.003413 0.003118 0.002841 0.002803
0.000910 0.003202 0.005187 0.005140 0.004786 0.004351 0.004044 0.003747 0.003475 0.003213 0.002935 0.002674 0.002638
0.000859 0.003020 0.004891 0.004846 0.004512 0.004102 0.003813 0.003532 0.003276 0.003029 0.002767 0.002522 0.002488
0.000812 0.002853 0.004620 0.004576 0.004260 0.003874 0.003600 0.003336 0.003094 0.002860 0.002613 0.002382 0.002350
0.000768 0.002700 0.004370 0.004327 0.004029 0.003663 0.003405 0.003155 0.002926 0.002705 0.002472 0.002253 0.002223
0.000728 0.002558 0.004139 0.004099 0.003816 0.003470 0.003225 0.002988 0.002771 0.002562 0.002341 0.002134 0.002106
0.000691 0.002427 0.003927 0.003887 0.003619 0.003291 0.003059 0.002834 0.002628 0.002431 0.002221 0.002024 0.001997
0.000657 0.002306 0.003730 0.003691 0.003437 0.003125 0.002905 0.002692 0.002496 0.002308 0.002110 0.001923 0.001897
0.000625 0.002194 0.003547 0.003510 0.003268 0.002971 0.002762 0.002559 0.002374 0.002195 0.002006 0.001829 0.001805
0.000596 0.002090 0.003377 0.003341 0.003111 0.002829 0.002630 0.002437 0.002260 0.002090 0.001910 0.001741 0.001718
0.000568 0.001993 0.003219 0.003185 0.002965 0.002696 0.002506 0.002322 0.002154 0.001992 0.001821 0.001660 0.001638
0.000543 0.001902 0.003072 0.003038 0.002829 0.002572 0.002391 0.002216 0.002055 0.001901 0.001737 0.001584 0.001563
0.000519 0.001818 0.002935 0.002902 0.002701 0.002456 0.002284 0.002116 0.001963 0.001815 0.001659 0.001513 0.001493
0.000496 0.001739 0.002806 0.002774 0.002583 0.002348 0.002183 0.002023 0.001877 0.001736 0.001587 0.001447 0.001428
0.000475 0.001665 0.002686 0.002654 0.002471 0.002247 0.002089 0.001936 0.001796 0.001661 0.001519 0.001385 0.001367
0.000456 0.001595 0.002573 0.002542 0.002367 0.002152 0.002001 0.001855 0.001720 0.001591 0.001455 0.001326 0.001309
0.000437 0.001530 0.002467 0.002437 0.002269 0.002063 0.001918 0.001778 0.001649 0.001525 0.001395 0.001272 0.001255
0.000420 0.001469 0.002367 0.002338 0.002177 0.001979 0.001841 0.001706 0.001582 0.001464 0.001338 0.001220 0.001205
0.000403 0.001411 0.002273 0.002245 0.002090 0.001900 0.001767 0.001638 0.001519 0.001405 0.001285 0.001172 0.001157
0.000388 0.001356 0.002185 0.002157 0.002008 0.001826 0.001698 0.001574 0.001460 0.001351 0.001235 0.001126 0.001112
0.000373 0.001305 0.002101 0.002074 0.001931 0.001756 0.001633 0.001514 0.001404 0.001299 0.001188 0.001083 0.001070
0.000359 0.001256 0.002022 0.001996 0.001858 0.001690 0.001571 0.001457 0.001351 0.001250 0.001143 0.001043 0.001030
0.000346 0.001210 0.001948 0.001922 0.001789 0.001627 0.001513 0.001403 0.001301 0.001204 0.001101 0.001004 0.000992
0.000334 0.001167 0.001877 0.001852 0.001724 0.001568 0.001458 0.001352 0.001254 0.001160 0.001061 0.000968 0.000956
0.000322 0.001126 0.001810 0.001786 0.001662 0.001512 0.001406 0.001303 0.001209 0.001119 0.001023 0.000933 0.000922
0.000311 0.001087 0.001747 0.001723 0.001604 0.001458 0.001356 0.001258 0.001167 0.001079 0.000987 0.000901 0.000889
0.000301 0.001050 0.001687 0.001663 0.001548 0.001408 0.001310 0.001214 0.001126 0.001042 0.000953 0.000870 0.000859
0.000291 0.001014 0.001629 0.001606 0.001495 0.001360 0.001265 0.001173 0.001088 0.001007 0.000921 0.000840 0.000830
0.000281 0.000981 0.001575 0.001552 0.001445 0.001314 0.001222 0.001133 0.001052 0.000973 0.000890 0.000812 0.000802
0.000272 0.000949 0.001523 0.001501 0.001397 0.001271 0.001182 0.001096 0.001017 0.000941 0.000861 0.000785 0.000776
0.000263 0.000918 0.001474 0.001452 0.001352 0.001229 0.001144 0.001060 0.000984 0.000910 0.000833 0.000760 0.000751
0.000255 0.000889 0.001427 0.001405 0.001308 0.001190 0.001107 0.001026 0.000952 0.000881 0.000806 0.000736 0.000727
0.000247 0.000862 0.001382 0.001361 0.001267 0.001152 0.001072 0.000994 0.000922 0.000854 0.000781 0.000713 0.000704
0.000239 0.000835 0.001339 0.001319 0.001227 0.001116 0.001039 0.000963 0.000894 0.000827 0.000757 0.000691 0.000682
0.000232 0.000810 0.001298 0.001278 0.001190 0.001082 0.001007 0.000934 0.000866 0.000802 0.000734 0.000669 0.000661
0.000225 0.000786 0.001259 0.001239 0.001154 0.001049 0.000976 0.000905 0.000840 0.000778 0.000712 0.000649 0.000642
0.000219 0.000763 0.001222 0.001202 0.001119 0.001018 0.000947 0.000878 0.000815 0.000754 0.000690 0.000630 0.000623
0.000212 0.000741 0.001186 0.001167 0.001086 0.000988 0.000919 0.000853 0.000791 0.000732 0.000670 0.000612 0.000604
0.000206 0.000720 0.001152 0.001133 0.001054 0.000959 0.000893 0.000828 0.000768 0.000711 0.000651 0.000594 0.000587
0.000200 0.000699 0.001119 0.001100 0.001024 0.000932 0.000867 0.000804 0.000746 0.000691 0.000632 0.000577 0.000570
0.000195 0.000680 0.001088 0.001069 0.000995 0.000905 0.000843 0.000782 0.000725 0.000671 0.000614 0.000561 0.000554
0.000190 0.000661 0.001058 0.001039 0.000967 0.000880 0.000819 0.000760 0.000705 0.000653 0.000597 0.000545 0.000539
0.000184 0.000643 0.001029 0.001011 0.000941 0.000856 0.000796 0.000739 0.000686 0.000635 0.000581 0.000530 0.000524
0.000179 0.000626 0.001001 0.000983 0.000915 0.000832 0.000775 0.000719 0.000667 0.000618 0.000565 0.000516 0.000510
0.000175 0.000610 0.000974 0.000957 0.000890 0.000810 0.000754 0.000699 0.000649 0.000601 0.000550 0.000502 0.000496
0.000170 0.000594 0.000948 0.000931 0.000867 0.000788 0.000734 0.000681 0.000632 0.000585 0.000536 0.000489 0.000483
0.000166 0.000578 0.000924 0.000907 0.000844 0.000768 0.000715 0.000663 0.000615 0.000570 0.000522 0.000476 0.000471
0.000161 0.000564 0.000900 0.000883 0.000822 0.000748 0.000696 0.000646 0.000600 0.000555 0.000508 0.000464 0.000459
0.000157 0.000549 0.000877 0.000860 0.000801 0.000728 0.000678 0.000629 0.000584 0.000541 0.000495 0.000452 0.000447
0.000153 0.000536 0.000855 0.000839 0.000780 0.000710 0.000661 0.000613 0.000569 0.000527 0.000483 0.000441 0.000436
0.000150 0.000523 0.000833 0.000818 0.000761 0.000692 0.000645 0.000598 0.000555 0.000514 0.000471 0.000430 0.000425
0.000146 0.000510 0.000813 0.000797 0.000742 0.000675 0.000629 0.000583 0.000542 0.000501 0.000459 0.000419 0.000415
0.000142 0.000498 0.000793 0.000778 0.000724 0.000658 0.000613 0.000569 0.000528 0.000489 0.000448 0.000409 0.000405
0.000139 0.000486 0.000774 0.000759 0.000706 0.000642 0.000598 0.000555 0.000516 0.000477 0.000437 0.000399 0.000395
0.000136 0.000474 0.000756 0.000741 0.000689 0.000627 0.000584 0.000542 0.000503 0.000466 0.000427 0.000390 0.000385
0.000133 0.000463 0.000738 0.000723 0.000673 0.000612 0.000570 0.000529 0.000491 0.000455 0.000417 0.000381 0.000376
0.000129 0.000453 0.000721 0.000706 0.000657 0.000598 0.000557 0.000517 0.000480 0.000444 0.000407 0.000372 0.000368
0.000126 0.000442 0.000704 0.000690 0.000642 0.000584 0.000544 0.000505 0.000469 0.000434 0.000398 0.000363 0.000359
0.000124 0.000432 0.000688 0.000674 0.000627 0.000570 0.000531 0.000493 0.000458 0.000424 0.000389 0.000355 0.000351
0.000121 0.000423 0.000672 0.000658 0.000613 0.000557 0.000519 0.000482 0.000448 0.000415 0.000380 0.000347 0.000343
0.000118 0.000413 0.000657 0.000643 0.000599 0.000545 0.000508 0.000471 0.000438 0.000405 0.000371 0.000339 0.000335
0.000115 0.000404 0.000643 0.000629 0.000585 0.000533 0.000496 0.000461 0.000428 0.000396 0.000363 0.000332 0.000328
0.000113 0.000396 0.000629 0.000615 0.000572 0.000521 0.000485 0.000451 0.000418 0.000388 0.000355 0.000324 0.000321
0.000110 0.000387 0.000615 0.000602 0.000560 0.000509 0.000475 0.000441 0.000409 0.000379 0.000347 0.000317 0.000314
0.000108 0.000379 0.000602 0.000589 0.000548 0.000498 0.000464 0.000431 0.000401 0.000371 0.000340 0.000311 0.000307
0.000106 0.000371 0.000589 0.000576 0.000536 0.000488 0.000454 0.000422 0.000392 0.000363 0.000333 0.000304 0.000301
0.000104 0.000363 0.000577 0.000564 0.000524 0.000477 0.000445 0.000413 0.000384 0.000355 0.000326 0.000298 0.000294
0.000101 0.000356 0.000565 0.000552 0.000513 0.000467 0.000435 0.000404 0.000376 0.000348 0.000319 0.000291 0.000288
0.000099 0.000348 0.000553 0.000540 0.000503 0.000457 0.000426 0.000396 0.000368 0.000341 0.000312 0.000285 0.000282
0.000097 0.000341 0.000542 0.000529 0.000492 0.000448 0.000418 0.000388 0.000360 0.000334 0.000306 0.000280 0.000277
0.000095 0.000335 0.000531 0.000518 0.000482 0.000439 0.000409 0.000380 0.000353 0.000327 0.000300 0.000274 0.000271
0.000093 0.000328 0.000520 0.000508 0.000472 0.000430 0.000401 0.000372 0.000346 0.000320 0.000294 0.000268 0.000266
0.000091 0.000321 0.000510 0.000498 0.000463 0.000421 0.000393 0.000365 0.000339 0.000314 0.000288 0.000263 0.000260
0.000090 0.000315 0.000500 0.000488 0.000454 0.000413 0.000385 0.000358 0.000332 0.000308 0.000282 0.000258 0.000255
0.000088 0.000309 0.000490 0.000478 0.000445 0.000405 0.000377 0.000350 0.000326 0.000302 0.000277 0.000253 0.000250
0.000086 0.000303 0.000480 0.000469 0.000436 0.000397 0.000370 0.000344 0.000319 0.000296 0.000271 0.000248 0.000245
0.000084 0.000297 0.000471 0.000459 0.000427 0.000389 0.000363 0.000337 0.000313 0.000290 0.000266 0.000243 0.000241
0.000083 0.000292 0.000462 0.000451 0.000419 0.000381 0.000356 0.000331 0.000307 0.000285 0.000261 0.000239 0.000236
0.000081 0.000286 0.000453 0.000442 0.000411 0.000374 0.000349 0.000324 0.000301 0.000279 0.000256 0.000234 0.000232
0.000080 0.000281 0.000445 0.000434 0.000403 0.000367 0.000342 0.000318 0.000296 0.000274 0.000251 0.000230 0.000227
0.000078 0.000276 0.000437 0.000425 0.000396 0.000360 0.000336 0.000312 0.000290 0.000269 0.000247 0.000225 0.000223
0.000077 0.000271 0.000429 0.000417 0.000388 0.000353 0.000330 0.000306 0.000285 0.000264 0.000242 0.000221 0.000219
0.000075 0.000266 0.000421 0.000410 0.000381 0.000347 0.000324 0.000301 0.000279 0.000259 0.000238 0.000217 0.000215
0.000074 0.000261 0.000413 0.000402 0.000374 0.000340 0.000318 0.000295 0.000274 0.000254 0.000233 0.000213 0.000211
0.000072 0.000257 0.000406 0.000395 0.000367 0.000334 0.000312 0.000290 0.000269 0.000250 0.000229 0.000209 0.000207
0.000071 0.000252 0.000398 0.000388 0.000361 0.000328 0.000306 0.000285 0.000265 0.000245 0.000225 0.000206 0.000204
0.000070 0.000248 0.000391 0.000381 0.000354 0.000322 0.000301 0.000280 0.000260 0.000241 0.000221 0.000202 0.000200
0.000069 0.000243 0.000385 0.000374 0.000348 0.000317 0.000295 0.000275 0.000255 0.000237 0.000217 0.000199 0.000197
0.000067 0.000239 0.000378 0.000367 0.000342 0.000311 0.000290 0.000270 0.000251 0.000232 0.000213 0.000195 0.000193
0.000066 0.000235 0.000371 0.000361 0.000336 0.000305 0.000285 0.000265 0.000246 0.000228 0.000210 0.000192 0.000190
0.000065 0.000231 0.000365 0.000355 0.000330 0.000300 0.000280 0.000261 0.000242 0.000224 0.000206 0.000188 0.000187
0.000064 0.000227 0.000359 0.000349 0.000324 0.000295 0.000275 0.000256 0.000238 0.000221 0.000202 0.000185 0.000183
0.000063 0.000223 0.000353 0.000343 0.000318 0.000290 0.000271 0.000252 0.000234 0.000217 0.000199 0.000182 0.000180
0.000062 0.000220 0.000347 0.000337 0.000313 0.000285 0.000266 0.000247 0.000230 0.000213 0.000196 0.000179 0.000177
0.000060 0.000216 0.000341 0.000331 0.000308 0.000280 0.000262 0.000243 0.000226 0.000210 0.000192 0.000176 0.000174
0.000059 0.000213 0.000335 0.000326 0.000303 0.000275 0.000257 0.000239 0.000222 0.000206 0.000189 0.000173 0.000171
0.000058 0.000209 0.000330 0.000320 0.000298 0.000271 0.000253 0.000235 0.000219 0.000203 0.000186 0.000170 0.000169
0.000057 0.000206 0.000324 0.000315 0.000293 0.000266 0.000249 0.000231 0.000215 0.000199 0.000183 0.000168 0.000166
0.000056 0.000202 0.000319 0.000310 0.000288 0.000262 0.000245 0.000228 0.000212 0.000196 0.000180 0.000165 0.000163
0.000055 0.000199 0.000314 0.000305 0.000283 0.000258 0.000241 0.000224 0.000208 0.000193 0.000177 0.000162 0.000161
0.000055 0.000196 0.000309 0.000300 0.000278 0.000254 0.000237 0.000220 0.000205 0.000190 0.000174 0.000160 0.000158
0.000054 0.000193 0.000304 0.000295 0.000274 0.000250 0.000233 0.000217 0.000202 0.000187 0.000172 0.000157 0.000156
0.000053 0.000190 0.000299 0.000290 0.000270 0.000246 0.000229 0.000213 0.000198 0.000184 0.000169 0.000155 0.000153
0.000052 0.000187 0.000295 0.000286 0.000265 0.000242 0.000226 0.000210 0.000195 0.000181 0.000166 0.000152 0.000151
0.000051 0.000184 0.000290 0.000281 0.000261 0.000238 0.000222 0.000207 0.000192 0.000178 0.000164 0.000150 0.000148
0.000050 0.000181 0.000286 0.000277 0.000257 0.000234 0.000219 0.000204 0.000189 0.000176 0.000161 0.000148 0.000146
0.000049 0.000179 0.000281 0.000272 0.000253 0.000230 0.000215 0.000200 0.000186 0.000173 0.000159 0.000145 0.000144
0.000049 0.000176 0.000277 0.000268 0.000249 0.000227 0.000212 0.000197 0.000184 0.000170 0.000156 0.000143 0.000142
0.000048 0.000173 0.000273 0.000264 0.000245 0.000223 0.000209 0.000194 0.000181 0.000168 0.000154 0.000141 0.000140
0.000047 0.000171 0.000269 0.000260 0.000242 0.000220 0.000206 0.000191 0.000178 0.000165 0.000152 0.000139 0.000138
0.000046 0.000168 0.000265 0.000256 0.000238 0.000217 0.000203 0.000189 0.000175 0.000163 0.000149 0.000137 0.000136
0.000046 0.000166 0.000261 0.000252 0.000234 0.000213 0.000200 0.000186 0.000173 0.000160 0.000147 0.000135 0.000134
0.000045 0.000163 0.000257 0.000249 0.000231 0.000210 0.000197 0.000183 0.000170 0.000158 0.000145 0.000133 0.000132
0.000044 0.000161 0.000253 0.000245 0.000227 0.000207 0.000194 0.000180 0.000168 0.000156 0.000143 0.000131 0.000130
0.000043 0.000159 0.000250 0.000241 0.000224 0.000204 0.000191 0.000178 0.000165 0.000153 0.000141 0.000129 0.000128
0.000043 0.000156 0.000246 0.000238 0.000221 0.000201 0.000188 0.000175 0.000163 0.000151 0.000139 0.000127 0.000126
0.000042 0.000154 0.000242 0.000234 0.000217 0.000198 0.000185 0.000173 0.000161 0.000149 0.000137 0.000125 0.000124
0.000041 0.000152 0.000239 0.000231 0.000214 0.000195 0.000183 0.000170 0.000158 0.000147 0.000135 0.000123 0.000122
0.000041 0.000150 0.000236 0.000228 0.000211 0.000192 0.000180 0.000168 0.000156 0.000145 0.000133 0.000122 0.000121
0.000040 0.000148 0.000232 0.000224 0.000208 0.000190 0.000177 0.000165 0.000154 0.000143 0.000131 0.000120 0.000119
0.000040 0.000146 0.000229 0.000221 0.000205 0.000187 0.000175 0.000163 0.000152 0.000141 0.000129 0.000118 0.000117
0.000039 0.000144 0.000226 0.000218 0.000202 0.000184 0.000172 0.000161 0.000149 0.000139 0.000127 0.000117 0.000116
0.000038 0.000142 0.000223 0.000215 0.000199 0.000182 0.000170 0.000158 0.000147 0.000137 0.000126 0.000115 0.000114
0.000038 0.000140 0.000220 0.000212 0.000197 0.000179 0.000168 0.000156 0.000145 0.000135 0.000124 0.000114 0.000113
0.000037 0.000138 0.000217 0.000209 0.000194 0.000177 0.000165 0.000154 0.000143 0.000133 0.000122 0.000112 0.000111
0.000037 0.000136 0.000214 0.000206 0.000191 0.000174 0.000163 0.000152 0.000141 0.000131 0.000121 0.000110 0.000110
0.000036 0.000134 0.000211 0.000203 0.000189 0.000172 0.000161 0.000150 0.000139 0.000129 0.000119 0.000109 0.000108
0.000036 0.000132 0.000208 0.000200 0.000186 0.000170 0.000159 0.000148 0.000138 0.000128 0.000117 0.000108 0.000107
0.000035 0.000131 0.000205 0.000198 0.000183 0.000167 0.000157 0.000146 0.000136 0.000126 0.000116 0.000106 0.000105
0.000035 0.000129 0.000203 0.000195 0.000181 0.000165 0.000154 0.000144 0.000134 0.000124 0.000114 0.000105 0.000104
0.000034 0.000127 0.000200 0.000193 0.000179 0.000163 0.000152 0.000142 0.000132 0.000123 0.000113 0.000103 0.000102
0.000034 0.000126 0.000197 0.000190 0.000176 0.000161 0.000150 0.000140 0.000130 0.000121 0.000111 0.000102 0.000101
0.000033 0.000124 0.000195 0.000187 0.000174 0.000158 0.000148 0.000138 0.000129 0.000119 0.000110 0.000101 0.000100
0.000033 0.000122 0.000192 0.000185 0.000172 0.000156 0.000146 0.000136 0.000127 0.000118 0.000108 0.000099 0.000099
0.000032 0.000121 0.000190 0.000183 0.000169 0.000154 0.000145 0.000135 0.000125 0.000116 0.000107 0.000098 0.000097
0.000032 0.000119 0.000187 0.000180 0.000167 0.000152 0.000143 0.000133 0.000124 0.000115 0.000106 0.000097 0.000096
0.000031 0.000118 0.000185 0.000178 0.000165 0.000150 0.000141 0.000131 0.000122 0.000113 0.000104 0.000096 0.000095
0.000031 0.000116 0.000183 0.000176 0.000163 0.000148 0.000139 0.000130 0.000121 0.000112 0.000103 0.000094 0.000094
