0.000000 0.000000 0.000000 0.000000 0.000000 0.000000 0.000000 0.000000 0.000000 0.000000 0.000000 0.000000 0.000000
0.000000 0.000000 0.000000 0.000000 0.000000 0.000000 0.000000 0.000000 0.000000 0.000000 0.000000 0.000000 0.000000
0.000000 0.000000 0.000000 0.000000 0.000000 0.000000 0.000000 0.000000 0.000000 0.000000 0.000000 0.000000 0.000000
0.000000 0.000000 0.000000 0.000000 0.000000 0.000000 0.000000 0.000000 0.000000 0.000000 0.000000 0.000000 0.000000
0.000000 0.000000 0.000000 0.000000 0.000000 0.000000 0.000000 0.000000 0.000000 0.000000 0.000000 0.000000 0.000000
0.000000 0.000000 0.000000 0.000000 0.000000 0.000000 0.000000 0.000000 0.000000 0.000000 0.000000 0.000000 0.000000
0.000000 0.000000 0.000000 0.000000 0.000000 0.000000 0.000000 0.000000 0.000000 0.000000 0.000000 0.000000 0.000000
0.000000 0.000000 0.000000 0.000000 0.000000 0.000000 0.000000 0.000000 0.000000 0.000000 0.000000 0.000000 0.000000
0.000000 0.000000 0.000000 0.000000 0.000000 0.000000 0.000000 0.000000 0.000000 0.000000 0.000000 0.000000 0.000000
0.000000 0.000000 0.000000 0.000000 0.000000 0.000000 0.000000 0.000000 0.000000 0.000000 0.000000 0.000000 0.000000
0.000000 0.000000 0.000000 0.000000 0.000000 0.000000 0.000000 0.000000 0.000000 0.000000 0.000000 0.000000 0.000000
0.000000 0.000000 0.000000 0.000000 0.000000 0.000000 0.000000 0.000000 0.000000 0.000000 0.000000 0.000000 0.000000
0.000000 0.000000 0.000000 0.000000 0.000000 0.000000 0.000000 0.000000 0.000000 0.000000 0.000000 0.000000 0.000000
0.000000 0.000000 0.000000 0.000000 0.000000 0.000000 0.000000 0.000000 0.000000 0.000000 0.000000 0.000000 0.000000
0.000000 0.000000 0.000000 0.000000 0.000000 0.000000 0.000000 0.000000 0.000000 0.000000 0.000000 0.000000 0.000000
0.000000 0.000000 0.000000 0.000000 0.000000 0.000000 0.000000 0.000000 0.000000 0.000000 0.000000 0.000000 0.000000
0.000000 0.000000 0.000000 0.000000 0.000000 0.000000 0.000000 0.000000 0.000000 0.000000 0.000000 0.000000 0.000000
0.000000 0.000000 0.000000 0.000000 0.000000 0.000000 0.000000 0.000000 0.000000 0.000000 0.000000 0.000000 0.000000
0.000000 0.000000 0.000000 0.000000 0.000000 0.000000 0.000000 0.000000 0.000000 0.000000 0.000000 0.000000 0.000000
0.000000 0.000000 0.000000 0.000000 0.000000 0.000000 0.000000 0.000000 0.000000 0.000000 0.000000 0.000000 0.000000
0.000000 0.000000 0.000000 0.000000 0.000000 0.000000 0.000000 0.000000 0.000000 0.000000 0.000000 0.000000 0.000000
0.000000 0.000000 0.000000 0.000000 0.000000 0.000000 0.000000 0.000000 0.000000 0.000000 0.000000 0.000000 0.000000
0.000000 0.000000 0.000000 0.000000 0.000000 0.000000 0.000000 0.000000 0.000000 0.000000 0.000000 0.000000 0.000000
0.000000 0.000000 0.000000 0.000000 0.000000 0.000000 0.000000 0.000000 0.000000 0.000000 0.000000 0.000000 0.000000
0.000000 0.000000 0.000000 0.000000 0.000000 0.000000 0.000000 0.000000 0.000000 0.000000 0.000000 0.000000 0.000000
0.000000 0.000000 0.000000 0.000000 0.000000 0.000000 0.000000 0.000000 0.000000 0.000000 0.000000 0.000000 0.000000
0.000000 0.000000 0.000000 0.000000 0.000000 0.000000 0.000000 0.000000 0.000000 0.000000 0.000000 0.000000 0.000000
0.000000 0.000000 0.000000 0.000000 0.000000 0.000000 0.000000 0.000000 0.000000 0.000000 0.000000 0.000000 0.000000
0.000000 0.000000 0.000000 0.000000 0.000000 0.000000 0.000000 0.000000 0.000000 0.000000 0.000000 0.000000 0.000000
0.000000 0.000000 0.000000 0.000000 0.000000 0.000000 0.000000 0.000000 0.000000 0.000000 0.000000 0.000000 0.000000
0.000000 0.000000 0.000000 0.000000 0.000000 0.000000 0.000000 0.000000 0.000000 0.000000 0.000000 0.000000 0.000000
0.000000 0.000000 0.000000 0.000000 0.000000 0.000000 0.000000 0.000000 0.000000 0.000000 0.000000 0.000000 0.000000
0.000000 0.000000 0.000000 0.000000 0.000000 0.000000 0.000000 0.000000 0.000000 0.000000 0.000000 0.000000 0.000000
0.000000 0.000000 0.000000 0.000000 0.000000 0.000000 0.000000 0.000000 0.000000 0.000000 0.000000 0.000000 0.000000
0.000000 0.000000 0.000000 0.000000 0.000000 0.000000 0.000000 0.000000 0.000000 0.000000 0.000000 0.000000 0.000000
0.000000 0.000000 0.000000 0.000000 0.000000 0.000000 0.000000 0.000000 0.000000 0.000000 0.000000 0.000000 0.000000
0.000000 0.000000 0.000000 0.000000 0.000000 0.000000 0.000000 0.000000 0.000000 0.000000 0.000000 0.000000 0.000000
0.000000 0.000000 0.000000 0.000000 0.000000 0.000000 0.000000 0.000000 0.000000 0.000000 0.000000 0.000000 0.000000
0.000000 0.000000 0.000000 0.000000 0.000000 0.000000 0.000000 0.000000 0.000000 0.000000 0.000000 0.000000 0.000000
0.000000 0.000000 0.000000 0.000000 0.000000 0.000000 0.000000 0.000000 0.000000 0.000000 0.000000 0.000000 0.000000
0.000000 0.000000 0.000000 0.000000 0.000000 0.000000 0.000000 0.000000 0.000000 0.000000 0.000000 0.000000 0.000000
0.000000 0.000000 0.000000 0.000000 0.000000 0.000000 0.000000 0.000000 0.000000 0.000000 0.000000 0.000000 0.000000
0.000000 0.000000 0.000000 0.000000 0.000000 0.000000 0.000000 0.000000 0.000000 0.000000 0.000000 0.000000 0.000000
0.000000 0.000000 0.000000 0.000000 0.000000 0.000000 0.000000 0.000000 0.000000 0.000000 0.000000 0.000000 0.000000
0.000000 0.000000 0.000000 0.000000 0.000000 0.000000 0.000000 0.000000 0.000000 0.000000 0.000000 0.000000 0.000000
0.000000 0.000000 0.000000 0.000000 0.000000 0.000000 0.000000 0.000000 0.000000 0.000000 0.000000 0.000000 0.000000
0.000000 0.000000 0.000000 0.000000 0.000000 0.000000 0.000000 0.000000 0.000000 0.000000 0.000000 0.000000 0.000000
0.000000 0.000000 0.000000 0.000000 0.000000 0.000000 0.000000 0.000000 0.000000 0.000000 0.000000 0.000000 0.000000
0.000000 0.000000 0.000000 0.000000 0.000000 0.000000 0.000000 0.000000 0.000000 0.000000 0.000000 0.000000 0.000000
0.000000 0.000000 0.000000 0.000000 0.000000 0.000000 0.000000 0.000000 0.000000 0.000000 0.000000 0.000000 0.000000
0.000000 0.000000 0.000000 0.000000 0.000000 0.000000 0.000000 0.000000 0.000000 0.000000 0.000000 0.000000 0.000000
0.000000 0.000000 0.000000 0.000000 0.000000 0.000000 0.000000 0.000000 0.000000 0.000000 0.000000 0.000000 0.000000
0.000000 0.000000 0.000000 0.000000 0.000000 0.000000 0.000000 0.000000 0.000000 0.000000 0.000000 0.000000 0.000000
0.000000 0.000000 0.000000 0.000000 0.000000 0.000000 0.000000 0.000000 0.000000 0.000000 0.000000 0.000000 0.000000
0.000000 0.000000 0.000000 0.000000 0.000000 0.000000 0.000000 0.000000 0.000000 0.000000 0.000000 0.000000 0.000000
0.000000 0.000000 0.000000 0.000000 0.000000 0.000000 0.000000 0.000000 0.000000 0.000000 0.000000 0.000000 0.000000
0.000000 0.000000 0.000000 0.000000 0.000000 0.000000 0.000000 0.000000 0.000000 0.000000 0.000000 0.000000 0.000000
0.000000 0.000000 0.000000 0.000000 0.000000 0.000000 0.000000 0.000000 0.000000 0.000000 0.000000 0.000000 0.000000
0.000000 0.000000 0.000000 0.000000 0.000000 0.000000 0.000000 0.000000 0.000000 0.000000 0.000000 0.000000 0.000000
0.000000 0.000000 0.000000 0.000000 0.000000 0.000000 0.000000 0.000000 0.000000 0.000000 0.000000 0.000000 0.000000
0.000000 0.000000 0.000000 0.000000 0.000000 0.000000 0.000000 0.000000 0.000000 0.000000 0.000000 0.000000 0.000000
0.000000 0.000000 0.000000 0.000000 0.000000 0.000000 0.000000 0.000000 0.000000 0.000000 0.000000 0.000000 0.000000
0.000000 0.000000 0.000000 0.000000 0.000000 0.000000 0.000000 0.000000 0.000000 0.000000 0.000000 0.000000 0.000000
0.000000 0.000000 0.000000 0.000000 0.000000 0.000000 0.000000 0.000000 0.000000 0.000000 0.000000 0.000000 0.000000
0.000000 0.000000 0.000000 0.000000 0.000000 0.000000 0.000000 0.000000 0.000000 0.000000 0.000000 0.000000 0.000000
0.000000 0.000000 0.000000 0.000000 0.000000 0.000000 0.000000 0.000000 0.000000 0.000000 0.000000 0.000000 0.000000
0.000000 0.000000 0.000000 0.000000 0.000000 0.000000 0.000000 0.000000 0.000000 0.000000 0.000000 0.000000 0.000000
0.000000 0.000000 0.000000 0.000000 0.000000 0.000000 0.000000 0.000000 0.000000 0.000000 0.000000 0.000000 0.000000
0.000000 0.000000 0.000000 0.000000 0.000000 0.000000 0.000000 0.000000 0.000000 0.000000 0.000000 0.000000 0.000000
0.000000 0.000000 0.000000 0.000000 0.000000 0.000000 0.000000 0.000000 0.000000 0.000000 0.000000 0.000000 0.000000
0.000000 0.000000 0.000000 0.000000 0.000000 0.000000 0.000000 0.000000 0.000000 0.000000 0.000000 0.000000 0.000000
0.000000 0.000000 0.000000 0.000000 0.000000 0.000000 0.000000 0.000000 0.000000 0.000000 0.000000 0.000000 0.000000
0.000000 0.000000 0.000000 0.000000 0.000000 0.000000 0.000000 0.000000 0.000000 0.000000 0.000000 0.000000 0.000000
0.000000 0.000000 0.000000 0.000000 0.000000 0.000000 0.000000 0.000000 0.000000 0.000000 0.000000 0.000000 0.000000
0.000000 0.000000 0.000000 0.000000 0.000000 0.000000 0.000000 0.000000 0.000000 0.000000 0.000000 0.000000 0.000000
0.000000 0.000000 0.000000 0.000000 0.000000 0.000000 0.000000 0.000000 0.000000 0.000000 0.000000 0.000000 0.000000
0.000000 0.000000 0.000000 0.000000 0.000000 0.000000 0.000000 0.000000 0.000000 0.000000 0.000000 0.000000 0.000000
0.000000 0.000000 0.000000 0.000000 0.000000 0.000000 0.000000 0.000000 0.000000 0.000000 0.000000 0.000000 0.000000
0.000000 0.000000 0.000000 0.000000 0.000000 0.000000 0.000000 0.000000 0.000000 0.000000 0.000000 0.000000 0.000000
0.000000 0.000000 0.000000 0.000000 0.000000 0.000000 0.000000 0.000000 0.000000 0.000000 0.000000 0.000000 0.000000
0.000000 0.000000 0.000000 0.000000 0.000000 0.000000 0.000000 0.000000 0.000000 0.000000 0.000000 0.000000 0.000000
0.000000 0.000000 0.000000 0.000000 0.000000 0.000000 0.000000 0.000000 0.000000 0.000000 0.000000 0.000000 0.000000
0.000000 0.000000 0.000000 0.000000 0.000000 0.000000 0.000000 0.000000 0.000000 0.000000 0.000000 0.000000 0.000000
0.000000 0.000000 0.000000 0.000000 0.000000 0.000000 0.000000 0.000000 0.000000 0.000000 0.000000 0.000000 0.000000
0.000000 0.000000 0.000000 0.000000 0.000000 0.000000 0.000000 0.000000 0.000000 0.000000 0.000000 0.000000 0.000000
0.000000 0.000000 0.000000 0.000000 0.000000 0.000000 0.000000 0.000000 0.000000 0.000000 0.000000 0.000000 0.000000
0.000000 0.000000 0.000000 0.000000 0.000000 0.000000 0.000000 0.000000 0.000000 0.000000 0.000000 0.000000 0.000000
0.000000 0.000000 0.000000 0.000000 0.000000 0.000000 0.000000 0.000000 0.000000 0.000000 0.000000 0.000000 0.000000
0.000000 0.000000 0.000000 0.000000 0.000000 0.000000 0.000000 0.000000 0.000000 0.000000 0.000000 0.000000 0.000000
0.000000 0.000000 0.000000 0.000000 0.000000 0.000000 0.000000 0.000000 0.000000 0.000000 0.000000 0.000000 0.000000
0.000000 0.000000 0.000000 0.000000 0.000000 0.000000 0.000000 0.000000 0.000000 0.000000 0.000000 0.000000 0.000000
0.000000 0.000000 0.000000 0.000000 0.000000 0.000000 0.000000 0.000000 0.000000 0.000000 0.000000 0.000000 0.000000
0.000000 0.000000 0.000000 0.000000 0.000000 0.000000 0.000000 0.000000 0.000000 0.000000 0.000000 0.000000 0.000000
0.000000 0.000000 0.000000 0.000000 0.000000 0.000000 0.000000 0.000000 0.000000 0.000000 0.000000 0.000000 0.000000
0.000000 0.000000 0.000000 0.000000 0.000000 0.000000 0.000000 0.000000 0.000000 0.000000 0.000000 0.000000 0.000000
0.000000 0.000000 0.000000 0.000000 0.000000 0.000000 0.000000 0.000000 0.000000 0.000000 0.000000 0.000000 0.000000
0.000000 0.000000 0.000000 0.000000 0.000000 0.000000 0.000000 0.000000 0.000000 0.000000 0.000000 0.000000 0.000000
0.000000 0.000000 0.000000 0.000000 0.000000 0.000000 0.000000 0.000000 0.000000 0.000000 0.000000 0.000000 0.000000
0.000000 0.000000 0.000000 0.000000 0.000000 0.000000 0.000000 0.000000 0.000000 0.000000 0.000000 0.000000 0.000000
0.000000 0.000000 0.000000 0.000000 0.000000 0.000000 0.000000 0.000000 0.000000 0.000000 0.000000 0.000000 0.000000
0.000000 0.000000 0.000000 0.000000 0.000000 0.000000 0.000000 0.000000 0.000000 0.000000 0.000000 0.000000 0.000000
0.000000 0.000000 0.000000 0.000000 0.000000 0.000000 0.000000 0.000000 0.000000 0.000000 0.000000 0.000000 0.000000
0.000000 0.000000 0.000000 0.000000 0.000000 0.000000 0.000000 0.000000 0.000000 0.000000 0.000000 0.000000 0.000000
0.000000 0.000000 0.000000 0.000000 0.000000 0.000000 0.000000 0.000000 0.000000 0.000000 0.000000 0.000000 0.000000
0.000000 0.000000 0.000000 0.000000 0.000000 0.000000 0.000000 0.000000 0.000000 0.000000 0.000000 0.000000 0.000000
0.000000 0.000000 0.000000 0.000000 0.000000 0.000000 0.000000 0.000000 0.000000 0.000000 0.000000 0.000000 0.000000
0.000000 0.000000 0.000000 0.000000 0.000000 0.000000 0.000000 0.000000 0.000000 0.000000 0.000000 0.000000 0.000000
0.000000 0.000000 0.000000 0.000000 0.000000 0.000000 0.000000 0.000000 0.000000 0.000000 0.000000 0.000000 0.000000
0.000000 0.000000 0.000000 0.000000 0.000000 0.000000 0.000000 0.000000 0.000000 0.000000 0.000000 0.000000 0.000000
0.000000 0.000000 0.000000 0.000000 0.000000 0.000000 0.000000 0.000000 0.000000 0.000000 0.000000 0.000000 0.000000
0.000000 0.000000 0.000000 0.000000 0.000000 0.000000 0.000000 0.000000 0.000000 0.000000 0.000000 0.000000 0.000000
0.000000 0.000000 0.000000 0.000000 0.000000 0.000000 0.000000 0.000000 0.000000 0.000000 0.000000 0.000000 0.000000
0.000000 0.000000 0.000000 0.000000 0.000000 0.000000 0.000000 0.000000 0.000000 0.000000 0.000000 0.000000 0.000000
0.000000 0.000000 0.000000 0.000000 0.000000 0.000000 0.000000 0.000000 0.000000 0.000000 0.000000 0.000000 0.000000
0.000000 0.000000 0.000000 0.000000 0.000000 0.000000 0.000000 0.000000 0.000000 0.000000 0.000000 0.000000 0.000000
0.000000 0.000000 0.000000 0.000000 0.000000 0.000000 0.000000 0.000000 0.000000 0.000000 0.000000 0.000000 0.000000
0.000000 0.000000 0.000000 0.000000 0.000000 0.000000 0.000000 0.000000 0.000000 0.000000 0.000000 0.000000 0.000000
0.000000 0.000000 0.000000 0.000000 0.000000 0.000000 0.000000 0.000000 0.000000 0.000000 0.000000 0.000000 0.000000
0.000000 0.000000 0.000000 0.000000 0.000000 0.000000 0.000000 0.000000 0.000000 0.000000 0.000000 0.000000 0.000000
0.000000 0.000000 0.000000 0.000000 0.000000 0.000000 0.000000 0.000000 0.000000 0.000000 0.000000 0.000000 0.000000
0.000000 0.000000 0.000000 0.000000 0.000000 0.000000 0.000000 0.000000 0.000000 0.000000 0.000000 0.000000 0.000000
0.000000 0.000000 0.000000 0.000000 0.000000 0.000000 0.000000 0.000000 0.000000 0.000000 0.000000 0.000000 0.000000
0.000000 0.000000 0.000000 0.000000 0.000000 0.000000 0.000000 0.000000 0.000000 0.000000 0.000000 0.000000 0.000000
0.000000 0.000000 0.000000 0.000000 0.000000 0.000000 0.000000 0.000000 0.000000 0.000000 0.000000 0.000000 0.000000
0.000000 0.000000 0.000000 0.000000 0.000000 0.000000 0.000000 0.000000 0.000000 0.000000 0.000000 0.000000 0.000000
0.000000 0.000001 0.000002 0.000004 0.000005 0.000006 0.000007 0.000008 0.000009 0.000010 0.000012 0.000013 0.000014
0.000000 0.000003 0.000009 0.000015 0.000020 0.000027 0.000030 0.000034 0.000039 0.000044 0.000049 0.000054 0.000058
0.000001 0.000006 0.000016 0.000027 0.000036 0.000047 0.000054 0.000061 0.000069 0.000077 0.000086 0.000096 0.000102
0.000001 0.000008 0.000024 0.000038 0.000051 0.000067 0.000077 0.000087 0.000098 0.000110 0.000123 0.000137 0.000147
0.000001 0.000011 0.000031 0.000050 0.000067 0.000088 0.000100 0.000113 0.000128 0.000144 0.000160 0.000178 0.000191
0.000001 0.000013 0.000038 0.000061 0.000082 0.000108 0.000123 0.000139 0.000158 0.000177 0.000197 0.000220 0.000235
0.000002 0.000016 0.000045 0.000073 0.000098 0.000129 0.000146 0.000166 0.000187 0.000211 0.000235 0.000261 0.000280
0.000002 0.000018 0.000052 0.000085 0.000114 0.000149 0.000170 0.000192 0.000217 0.000244 0.000272 0.000303 0.000324
0.000002 0.000021 0.000059 0.000096 0.000129 0.000170 0.000193 0.000219 0.000247 0.000278 0.000309 0.000345 0.000369
0.000003 0.000023 0.000066 0.000108 0.000145 0.000190 0.000216 0.000245 0.000277 0.000312 0.000347 0.000387 0.000414
0.000003 0.000026 0.000074 0.000120 0.000161 0.000211 0.000240 0.000272 0.000307 0.000345 0.000385 0.000429 0.000459
0.000003 0.000029 0.000081 0.000132 0.000176 0.000232 0.000263 0.000299 0.000337 0.000379 0.000423 0.000471 0.000504
0.000003 0.000031 0.000088 0.000143 0.000192 0.000252 0.000287 0.000325 0.000368 0.000414 0.000461 0.000513 0.000549
0.000004 0.000034 0.000095 0.000155 0.000208 0.000273 0.000311 0.000352 0.000398 0.000448 0.000499 0.000556 0.000595
0.000004 0.000036 0.000103 0.000167 0.000224 0.000294 0.000335 0.000379 0.000429 0.000482 0.000537 0.000598 0.000641
0.000004 0.000039 0.000110 0.000179 0.000240 0.000315 0.000359 0.000407 0.000460 0.000517 0.000576 0.000642 0.000687
0.000005 0.000041 0.000117 0.000191 0.000256 0.000337 0.000383 0.000434 0.000491 0.000552 0.000615 0.000685 0.000733
0.000005 0.000044 0.000125 0.000203 0.000273 0.000358 0.000407 0.000462 0.000522 0.000587 0.000654 0.000728 0.000780
0.000005 0.000047 0.000132 0.000215 0.000289 0.000380 0.000432 0.000489 0.000553 0.000622 0.000693 0.000772 0.000827
0.000005 0.000049 0.000140 0.000228 0.000305 0.000401 0.000456 0.000517 0.000585 0.000658 0.000733 0.000816 0.000874
0.000006 0.000052 0.000147 0.000240 0.000322 0.000423 0.000481 0.000545 0.000617 0.000694 0.000773 0.000861 0.000922
0.000006 0.000055 0.000155 0.000252 0.000339 0.000445 0.000506 0.000574 0.000649 0.000730 0.000813 0.000906 0.000970
0.000006 0.000057 0.000162 0.000265 0.000355 0.000467 0.000531 0.000602 0.000681 0.000766 0.000853 0.000951 0.001019
0.000007 0.000060 0.000170 0.000277 0.000372 0.000489 0.000557 0.000631 0.000714 0.000803 0.000894 0.000997 0.001068
0.000007 0.000063 0.000178 0.000290 0.000389 0.000512 0.000582 0.000660 0.000747 0.000840 0.000936 0.001043 0.001117
0.000007 0.000066 0.000186 0.000303 0.000407 0.000534 0.000608 0.000690 0.000780 0.000877 0.000977 0.001090 0.001167
0.000008 0.000068 0.000194 0.000316 0.000424 0.000557 0.000634 0.000719 0.000813 0.000915 0.001020 0.001137 0.001217
0.000008 0.000071 0.000202 0.000329 0.000442 0.000580 0.000661 0.000749 0.000847 0.000953 0.001062 0.001184 0.001268
0.000008 0.000074 0.000210 0.000342 0.000459 0.000604 0.000687 0.000779 0.000881 0.000992 0.001105 0.001232 0.001320
0.000009 0.000077 0.000218 0.000355 0.000477 0.000627 0.000714 0.000810 0.000916 0.001031 0.001149 0.001281 0.001372
0.000009 0.000080 0.000226 0.000369 0.000495 0.000651 0.000741 0.000841 0.000951 0.001070 0.001193 0.001330 0.001425
0.000009 0.000083 0.000234 0.000382 0.000513 0.000675 0.000769 0.000872 0.000986 0.001110 0.001237 0.001380 0.001478
0.000010 0.000086 0.000243 0.000396 0.000532 0.000700 0.000797 0.000903 0.001022 0.001150 0.001282 0.001430 0.001532
0.000010 0.000089 0.000251 0.000410 0.000551 0.000724 0.000825 0.000935 0.001058 0.001191 0.001328 0.001481 0.001587
0.000010 0.000092 0.000260 0.000424 0.000569 0.000749 0.000853 0.000968 0.001095 0.001233 0.001374 0.001533 0.001643
0.000011 0.000095 0.000268 0.000438 0.000589 0.000774 0.000882 0.001001 0.001132 0.001275 0.001421 0.001585 0.001699
0.000011 0.000098 0.000277 0.000452 0.000608 0.000800 0.000911 0.001034 0.001170 0.001317 0.001469 0.001639 0.001756
0.000011 0.000101 0.000286 0.000467 0.000627 0.000826 0.000941 0.001067 0.001208 0.001360 0.001517 0.001693 0.001814
0.000012 0.000104 0.000295 0.000481 0.000647 0.000852 0.000971 0.001101 0.001247 0.001404 0.001566 0.001747 0.001873
0.000012 0.000107 0.000304 0.000496 0.000667 0.000879 0.001001 0.001136 0.001286 0.001448 0.001615 0.001803 0.001933
0.000013 0.000111 0.000313 0.000511 0.000688 0.000906 0.001032 0.001171 0.001326 0.001493 0.001666 0.001859 0.001993
0.000013 0.000114 0.000322 0.000527 0.000708 0.000933 0.001063 0.001207 0.001367 0.001539 0.001717 0.001917 0.002055
0.000013 0.000117 0.000332 0.000542 0.000729 0.000961 0.001095 0.001243 0.001408 0.001585 0.001769 0.001975 0.002118
0.000014 0.000121 0.000341 0.000558 0.000751 0.000989 0.001127 0.001280 0.001449 0.001633 0.001822 0.002034 0.002181
0.000014 0.000124 0.000351 0.000574 0.000772 0.001018 0.001160 0.001317 0.001492 0.001681 0.001876 0.002095 0.002246
0.000015 0.000127 0.000361 0.000590 0.000794 0.001047 0.001193 0.001355 0.001535 0.001729 0.001930 0.002156 0.002312
0.000015 0.000131 0.000371 0.000606 0.000816 0.001076 0.001227 0.001394 0.001579 0.001779 0.001986 0.002218 0.002380
0.000016 0.000135 0.000381 0.000623 0.000839 0.001106 0.001261 0.001433 0.001623 0.001830 0.002043 0.002282 0.002448
0.000016 0.000138 0.000391 0.000640 0.000862 0.001137 0.001296 0.001473 0.001669 0.001881 0.002101 0.002347 0.002518
0.000016 0.000142 0.000401 0.000657 0.000885 0.001168 0.001332 0.001513 0.001715 0.001933 0.002159 0.002413 0.002589
0.000017 0.000146 0.000412 0.000675 0.000909 0.001199 0.001368 0.001555 0.001762 0.001987 0.002219 0.002480 0.002662
0.000017 0.000149 0.000423 0.000693 0.000933 0.001232 0.001405 0.001597 0.001810 0.002041 0.002280 0.002549 0.002736
0.000018 0.000153 0.000434 0.000711 0.000958 0.001264 0.001443 0.001640 0.001859 0.002097 0.002343 0.002619 0.002811
0.000018 0.000157 0.000445 0.000729 0.000983 0.001298 0.001481 0.001683 0.001909 0.002153 0.002406 0.002690 0.002888
0.000019 0.000161 0.000456 0.000748 0.001008 0.001332 0.001520 0.001728 0.001960 0.002211 0.002471 0.002763 0.002967
0.000020 0.000165 0.000468 0.000767 0.001034 0.001366 0.001560 0.001773 0.002012 0.002270 0.002537 0.002838 0.003047
0.000020 0.000169 0.000479 0.000786 0.001061 0.001402 0.001600 0.001820 0.002065 0.002330 0.002605 0.002914 0.003129
0.000021 0.000174 0.000491 0.000806 0.001088 0.001438 0.001641 0.001867 0.002119 0.002391 0.002674 0.002992 0.003214
0.000021 0.000178 0.000503 0.000826 0.001115 0.001474 0.001684 0.001915 0.002174 0.002454 0.002745 0.003072 0.003299
0.000022 0.000182 0.000516 0.000847 0.001143 0.001512 0.001727 0.001965 0.002230 0.002518 0.002817 0.003153 0.003387
0.000022 0.000187 0.000528 0.000868 0.001172 0.001550 0.001771 0.002015 0.002288 0.002584 0.002891 0.003236 0.003477
0.000023 0.000191 0.000541 0.000889 0.001201 0.001589 0.001816 0.002067 0.002347 0.002651 0.002966 0.003322 0.003570
0.000024 0.000196 0.000554 0.000911 0.001231 0.001629 0.001862 0.002119 0.002407 0.002719 0.003044 0.003409 0.003664
0.000024 0.000201 0.000568 0.000933 0.001261 0.001670 0.001908 0.002173 0.002469 0.002789 0.003123 0.003498 0.003761
0.000025 0.000205 0.000581 0.000956 0.001292 0.001712 0.001956 0.002228 0.002532 0.002861 0.003204 0.003590 0.003860
0.000026 0.000210 0.000595 0.000979 0.001324 0.001754 0.002006 0.002285 0.002596 0.002935 0.003287 0.003684 0.003962
0.000026 0.000215 0.000609 0.001003 0.001357 0.001798 0.002056 0.002342 0.002662 0.003010 0.003372 0.003780 0.004066
0.000027 0.000220 0.000624 0.001027 0.001390 0.001842 0.002107 0.002402 0.002730 0.003087 0.003460 0.003879 0.004173
0.000028 0.000226 0.000639 0.001052 0.001424 0.001888 0.002160 0.002462 0.002800 0.003167 0.003550 0.003981 0.004283
0.000028 0.000231 0.000654 0.001077 0.001458 0.001935 0.002214 0.002524 0.002871 0.003248 0.003642 0.004085 0.004396
0.000029 0.000236 0.000669 0.001103 0.001494 0.001983 0.002269 0.002588 0.002944 0.003331 0.003736 0.004192 0.004512
0.000030 0.000242 0.000685 0.001129 0.001530 0.002032 0.002326 0.002653 0.003019 0.003417 0.003833 0.004302 0.004632
0.000031 0.000247 0.000701 0.001157 0.001568 0.002082 0.002384 0.002720 0.003096 0.003505 0.003933 0.004415 0.004754
0.000032 0.000253 0.000717 0.001184 0.001606 0.002134 0.002443 0.002789 0.003175 0.003595 0.004035 0.004532 0.004881
0.000032 0.000259 0.000734 0.001213 0.001645 0.002186 0.002505 0.002859 0.003256 0.003688 0.004140 0.004651 0.005010
0.000033 0.000265 0.000752 0.001242 0.001685 0.002241 0.002567 0.002931 0.003339 0.003783 0.004249 0.004774 0.005144
0.000034 0.000271 0.000769 0.001271 0.001726 0.002296 0.002632 0.003006 0.003425 0.003881 0.004360 0.004901 0.005282
0.000035 0.000278 0.000787 0.001302 0.001768 0.002353 0.002698 0.003082 0.003513 0.003982 0.004475 0.005032 0.005424
0.000036 0.000284 0.000806 0.001333 0.001811 0.002412 0.002766 0.003161 0.003603 0.004086 0.004593 0.005166 0.005571
0.000037 0.000291 0.000825 0.001365 0.001856 0.002472 0.002836 0.003242 0.003696 0.004193 0.004715 0.005305 0.005722
0.000038 0.000298 0.000844 0.001398 0.001901 0.002534 0.002908 0.003325 0.003792 0.004303 0.004841 0.005448 0.005877
0.000039 0.000305 0.000864 0.001432 0.001948 0.002598 0.002982 0.003410 0.003891 0.004417 0.004970 0.005596 0.006038
0.000040 0.000312 0.000885 0.001467 0.001996 0.002664 0.003058 0.003498 0.003993 0.004534 0.005104 0.005748 0.006204
0.000041 0.000319 0.000906 0.001502 0.002046 0.002731 0.003136 0.003589 0.004098 0.004655 0.005241 0.005906 0.006376
0.000042 0.000327 0.000927 0.001539 0.002097 0.002801 0.003217 0.003683 0.004206 0.004779 0.005384 0.006068 0.006554
0.000043 0.000335 0.000949 0.001577 0.002149 0.002872 0.003300 0.003779 0.004318 0.004908 0.005531 0.006237 0.006737
0.000045 0.000342 0.000972 0.001615 0.002203 0.002946 0.003386 0.003879 0.004433 0.005041 0.005683 0.006411 0.006927
0.000046 0.000351 0.000995 0.001655 0.002258 0.003022 0.003474 0.003981 0.004552 0.005178 0.005840 0.006590 0.007124
0.000047 0.000359 0.001019 0.001696 0.002315 0.003100 0.003565 0.004087 0.004675 0.005320 0.006002 0.006777 0.007328
0.000048 0.000367 0.001044 0.001738 0.002374 0.003180 0.003659 0.004197 0.004802 0.005466 0.006171 0.006970 0.007539
0.000050 0.000376 0.001069 0.001781 0.002434 0.003264 0.003756 0.004310 0.004933 0.005618 0.006345 0.007170 0.007758
0.000051 0.000385 0.001095 0.001826 0.002497 0.003350 0.003857 0.004427 0.005069 0.005775 0.006525 0.007377 0.007985
0.000052 0.000395 0.001122 0.001872 0.002561 0.003438 0.003960 0.004547 0.005209 0.005938 0.006712 0.007592 0.008220
0.000054 0.000404 0.001150 0.001919 0.002628 0.003530 0.004067 0.004672 0.005355 0.006106 0.006906 0.007815 0.008465
0.000055 0.000414 0.001178 0.001968 0.002696 0.003625 0.004178 0.004802 0.005506 0.006281 0.007107 0.008047 0.008719
0.000057 0.000424 0.001207 0.002019 0.002767 0.003723 0.004293 0.004936 0.005662 0.006462 0.007316 0.008288 0.008984
0.000059 0.000435 0.001237 0.002071 0.002840 0.003824 0.004412 0.005074 0.005824 0.006651 0.007533 0.008538 0.009259
0.000060 0.000445 0.001268 0.002124 0.002916 0.003929 0.004535 0.005218 0.005992 0.006846 0.007758 0.008799 0.009545
0.000062 0.000456 0.001300 0.002180 0.002994 0.004037 0.004662 0.005367 0.006166 0.007049 0.007993 0.009070 0.009844
0.000064 0.000468 0.001333 0.002237 0.003075 0.004150 0.004794 0.005522 0.006347 0.007260 0.008237 0.009352 0.010155
0.000065 0.000479 0.001368 0.002296 0.003159 0.004266 0.004931 0.005683 0.006535 0.007479 0.008491 0.009646 0.010479
0.000067 0.000492 0.001403 0.002357 0.003245 0.004387 0.005073 0.005850 0.006731 0.007707 0.008755 0.009953 0.010817
0.000069 0.000504 0.001439 0.002421 0.003335 0.004512 0.005221 0.006023 0.006934 0.007945 0.009031 0.010273 0.011171
0.000071 0.000517 0.001477 0.002486 0.003428 0.004643 0.005374 0.006204 0.007146 0.008192 0.009318 0.010608 0.011540
0.000073 0.000530 0.001515 0.002554 0.003524 0.004778 0.005534 0.006391 0.007366 0.008450 0.009619 0.010957 0.011926
0.000076 0.000544 0.001556 0.002624 0.003624 0.004918 0.005699 0.006586 0.007596 0.008720 0.009932 0.011322 0.012330
0.000078 0.000558 0.001597 0.002697 0.003728 0.005064 0.005872 0.006790 0.007836 0.009001 0.010260 0.011705 0.012754
0.000080 0.000573 0.001640 0.002773 0.003836 0.005216 0.006051 0.007002 0.008086 0.009294 0.010602 0.012105 0.013197
0.000082 0.000588 0.001684 0.002851 0.003948 0.005374 0.006238 0.007223 0.008347 0.009601 0.010961 0.012524 0.013663
0.000085 0.000603 0.001730 0.002932 0.004064 0.005538 0.006433 0.007454 0.008619 0.009922 0.011336 0.012964 0.014151
0.000087 0.000620 0.001778 0.003017 0.004185 0.005710 0.006637 0.007695 0.008904 0.010258 0.011730 0.013426 0.014665
0.000090 0.000636 0.001828 0.003104 0.004311 0.005889 0.006849 0.007947 0.009203 0.010610 0.012143 0.013911 0.015204
0.000093 0.000654 0.001879 0.003195 0.004442 0.006075 0.007071 0.008210 0.009515 0.010980 0.012577 0.014421 0.015773
0.000096 0.000672 0.001932 0.003290 0.004579 0.006270 0.007303 0.008486 0.009842 0.011367 0.013032 0.014958 0.016371
0.000099 0.000690 0.001987 0.003389 0.004721 0.006473 0.007545 0.008774 0.010185 0.011774 0.013511 0.015523 0.017003
0.000102 0.000710 0.002045 0.003491 0.004870 0.006686 0.007799 0.009077 0.010546 0.012201 0.014016 0.016119 0.017669
0.000105 0.000729 0.002104 0.003598 0.005025 0.006908 0.008065 0.009394 0.010924 0.012651 0.014547 0.016748 0.018373
0.000108 0.000750 0.002166 0.003710 0.005187 0.007141 0.008344 0.009727 0.011322 0.013124 0.015108 0.017413 0.019118
0.000112 0.000772 0.002231 0.003826 0.005356 0.007385 0.008636 0.010077 0.011740 0.013623 0.015699 0.018116 0.019907
0.000115 0.000794 0.002298 0.003947 0.005533 0.007641 0.008943 0.010444 0.012181 0.014149 0.016324 0.018860 0.020743
0.000119 0.000817 0.002368 0.004074 0.005719 0.007909 0.009265 0.010832 0.012645 0.014705 0.016986 0.019649 0.021631
0.000123 0.000841 0.002441 0.004206 0.005913 0.008191 0.009604 0.011239 0.013135 0.015292 0.017686 0.020486 0.022574
0.000127 0.000867 0.002517 0.004345 0.006116 0.008488 0.009961 0.011669 0.013652 0.015914 0.018429 0.021375 0.023578
0.000131 0.000893 0.002597 0.004490 0.006330 0.008799 0.010337 0.012123 0.014200 0.016572 0.019217 0.022321 0.024648
0.000136 0.000920 0.002679 0.004641 0.006554 0.009127 0.010734 0.012602 0.014779 0.017270 0.020055 0.023329 0.025790
0.000140 0.000948 0.002766 0.004800 0.006789 0.009473 0.011153 0.013109 0.015392 0.018011 0.020946 0.024404 0.027009
0.000145 0.000978 0.002856 0.004967 0.007037 0.009838 0.011595 0.013645 0.016043 0.018799 0.021896 0.025552 0.028315
0.000150 0.001009 0.002951 0.005142 0.007297 0.010223 0.012063 0.014214 0.016735 0.019638 0.022910 0.026781 0.029714
0.000155 0.001041 0.003050 0.005326 0.007571 0.010630 0.012559 0.014818 0.017470 0.020532 0.023993 0.028097 0.031216
0.000160 0.001074 0.003154 0.005519 0.007861 0.011061 0.013084 0.015459 0.018252 0.021487 0.025152 0.029510 0.032832
0.000166 0.001109 0.003263 0.005723 0.008166 0.011517 0.013642 0.016140 0.019087 0.022507 0.026395 0.031029 0.034573
0.000172 0.001146 0.003377 0.005937 0.008489 0.012001 0.014234 0.016867 0.019978 0.023599 0.027729 0.032665 0.036452
0.000178 0.001184 0.003497 0.006163 0.008830 0.012514 0.014865 0.017641 0.020931 0.024771 0.029164 0.034430 0.038485
0.000185 0.001224 0.003623 0.006401 0.009191 0.013060 0.015537 0.018469 0.021952 0.026028 0.030710 0.036339 0.040689
0.000192 0.001267 0.003756 0.006653 0.009574 0.013641 0.016253 0.019353 0.023046 0.027382 0.032380 0.038407 0.043083
0.000199 0.001311 0.003896 0.006919 0.009981 0.014260 0.017019 0.020302 0.024222 0.028841 0.034185 0.040652 0.045691
0.000206 0.001357 0.004043 0.007201 0.010412 0.014921 0.017838 0.021319 0.025488 0.030417 0.036143 0.043096 0.048537
0.000214 0.001405 0.004198 0.007499 0.010872 0.015628 0.018716 0.022412 0.026853 0.032122 0.038269 0.045763 0.051653
0.000222 0.001456 0.004362 0.007816 0.011361 0.016384 0.019659 0.023590 0.028328 0.033971 0.040585 0.048680 0.055073
0.000231 0.001510 0.004535 0.008152 0.011883 0.017194 0.020672 0.024860 0.029925 0.035981 0.043113 0.051880 0.058837
0.000240 0.001566 0.004718 0.008509 0.012440 0.018065 0.021764 0.026233 0.031658 0.038172 0.045880 0.055400 0.062995
0.000250 0.001626 0.004912 0.008890 0.013036 0.019001 0.022942 0.027720 0.033542 0.040564 0.048918 0.059285 0.067603
0.000260 0.001688 0.005118 0.009296 0.013675 0.020011 0.024216 0.029334 0.035597 0.043184 0.052261 0.063586 0.072727
0.000270 0.001755 0.005336 0.009729 0.014360 0.021100 0.025597 0.031091 0.037841 0.046061 0.055954 0.068365 0.078447
0.000282 0.001824 0.005568 0.010193 0.015096 0.022279 0.027097 0.033006 0.040301 0.049231 0.060046 0.073696 0.084860
0.000293 0.001898 0.005815 0.010689 0.015889 0.023557 0.028729 0.035101 0.043004 0.052734 0.064596 0.079666 0.092081
0.000306 0.001976 0.006077 0.011221 0.016745 0.024946 0.030510 0.037398 0.045984 0.056618 0.069676 0.086381 0.100252
0.000319 0.002059 0.006358 0.011793 0.017670 0.026459 0.032459 0.039923 0.049279 0.060941 0.075371 0.093971 0.109547
0.000333 0.002147 0.006657 0.012408 0.018671 0.028110 0.034597 0.042708 0.052936 0.065771 0.081783 0.102593 0.120178
0.000348 0.002240 0.006978 0.013071 0.019759 0.029918 0.036950 0.045791 0.057009 0.071191 0.089038 0.112443 0.132416
0.000364 0.002339 0.007322 0.013787 0.020942 0.031903 0.039546 0.049214 0.061563 0.077299 0.097290 0.123763 0.146597
0.000380 0.002445 0.007690 0.014563 0.022231 0.034089 0.042422 0.053029 0.066677 0.084217 0.106728 0.136860 0.163154
0.000398 0.002557 0.008086 0.015404 0.023642 0.036503 0.045617 0.057299 0.072447 0.092095 0.117591 0.152124 0.182644
0.000417 0.002677 0.008513 0.016318 0.025188 0.039178 0.049182 0.062099 0.078988 0.101116 0.130179 0.170054 0.205796
0.000437 0.002805 0.008974 0.017315 0.026888 0.042154 0.053175 0.067519 0.086445 0.111513 0.144873 0.191307 0.233578
0.000459 0.002942 0.009472 0.018403 0.028763 0.045476 0.057668 0.073670 0.094995 0.123578 0.162167 0.216747 0.267297
0.000481 0.003089 0.010011 0.019596 0.030838 0.049201 0.062746 0.080691 0.104862 0.137685 0.182709 0.247538 0.308748
0.000506 0.003247 0.010597 0.020905 0.033141 0.053396 0.068516 0.088750 0.116328 0.154318 0.207354 0.285271 0.360450
0.000532 0.003416 0.011234 0.022348 0.035708 0.058144 0.075109 0.098063 0.129757 0.174112 0.237260 0.332166 0.426010
0.000560 0.003599 0.011929 0.023943 0.038581 0.063545 0.082687 0.108901 0.145617 0.197914 0.274016 0.391389 0.510736
0.000590 0.003796 0.012689 0.025711 0.041808 0.069723 0.091457 0.121615 0.164530 0.226867 0.319848 0.467565 0.622656
0.000623 0.004009 0.013523 0.027679 0.045452 0.076836 0.101679 0.136659 0.187320 0.262553 0.377949 0.567644 0.774298
0.000658 0.004240 0.014439 0.029878 0.049587 0.085079 0.113690 0.154634 0.215113 0.307191 0.453008 0.702388 0.985901
0.000695 0.004490 0.015450 0.032346 0.054304 0.094703 0.127930 0.176342 0.249461 0.363985 0.552116 0.889038 1.291342
0.000736 0.004763 0.016569 0.035127 0.059717 0.106034 0.144980 0.202882 0.292564 0.437662 0.686334 1.156214 1.749165
0.000780 0.005060 0.017811 0.038278 0.065969 0.119494 0.165620 0.235776 0.347602 0.535419 0.873515 1.553048 2.461913
0.000828 0.005385 0.019196 0.041865 0.073242 0.135648 0.190921 0.277187 0.419300 0.668551 1.143527 2.165603 3.599690
0.000880 0.005741 0.020746 0.045972 0.081770 0.155255 0.222375 0.330262 0.514890 0.855429 1.547958 3.140222 5.361966
0.000937 0.006133 0.022487 0.050706 0.091854 0.179360 0.262111 0.399699 0.645801 1.126997 2.177183 4.675138 7.562024
0.000999 0.006565 0.024454 0.056199 0.103894 0.209426 0.313239 0.492736 0.830750 1.536982 3.181496 6.753738 8.696519
0.001067 0.007043 0.026686 0.062621 0.118425 0.247553 0.380437 0.620886 1.101477 2.179277 4.739758 8.270372 7.423213
0.001142 0.007573 0.029232 0.070192 0.136173 0.296826 0.470951 0.803138 1.513316 3.205400 6.700255 7.552767 5.225139
0.001224 0.008163 0.032154 0.079199 0.158149 0.361913 0.596395 1.071899 2.162469 4.764615 7.747773 5.479558 3.509115
0.001314 0.008824 0.035531 0.090028 0.185783 0.450096 0.776058 1.483842 3.197986 6.556072 6.648923 3.687772 2.406979
0.001415 0.009565 0.039458 0.103197 0.221151 0.573141 1.043069 2.136628 4.727803 7.149577 4.690442 2.510144 1.715792
0.001526 0.010401 0.044064 0.119422 0.267351 0.750734 1.455474 3.173226 6.296446 5.819230 3.150309 1.772663 1.270578
0.001651 0.011349 0.049510 0.139709 0.329139 1.016901 2.111882 4.647502 6.470503 4.025599 2.159573 1.301469 0.972658
0.001790 0.012429 0.056014 0.165505 0.414063 1.431247 3.145108 5.950824 5.034295 2.706188 1.538357 0.989038 0.765691
0.001947 0.013667 0.063863 0.198949 0.534538 2.092762 4.539472 5.757583 3.436030 1.868657 1.138473 0.773833 0.617004
0.002124 0.015095 0.073451 0.243289 0.711704 3.118215 5.542506 4.310028 2.316516 1.341860 0.871076 0.620384 0.507029
0.002325 0.016753 0.085323 0.303617 0.982493 4.402345 5.043748 2.915666 1.611510 1.000238 0.685435 0.507620 0.423616
0.002555 0.018692 0.100252 0.388205 1.410811 5.073758 3.653257 1.974361 1.166116 0.770003 0.552145 0.422568 0.358964
0.002818 0.020980 0.119359 0.510968 2.092566 4.340038 2.458625 1.384062 0.875139 0.609010 0.453605 0.356963 0.307904
0.003122 0.023704 0.144315 0.696049 3.078253 3.058005 1.674489 1.009110 0.677562 0.492690 0.378897 0.305366 0.266912
0.003475 0.026981 0.177689 0.985679 4.006718 2.054277 1.183359 0.762298 0.538466 0.406228 0.321013 0.264094 0.233527
0.003889 0.030968 0.223552 1.448525 3.970019 1.409133 0.869394 0.593467 0.437372 0.340369 0.275311 0.230589 0.205991
0.004377 0.035884 0.288603 2.155554 3.015418 1.004497 0.661090 0.473822 0.361845 0.289135 0.238630 0.203033 0.183021
0.004959 0.042034 0.384241 2.985349 2.046425 0.743879 0.517525 0.386364 0.304062 0.248541 0.208764 0.180104 0.163668
0.005660 0.049859 0.530387 3.297313 1.383450 0.569501 0.415106 0.320701 0.258939 0.215859 0.184134 0.160828 0.147213
0.006513 0.060009 0.761535 2.712861 0.967106 0.448370 0.339806 0.270249 0.223069 0.189176 0.163593 0.144473 0.133108
0.007565 0.073473 1.129666 1.884089 0.703199 0.361355 0.282989 0.230705 0.194106 0.167119 0.146287 0.130479 0.120927
0.008883 0.091799 1.663370 1.266623 0.529974 0.296996 0.239146 0.199168 0.170398 0.148684 0.131576 0.118415 0.110338
0.010559 0.117505 2.171103 0.873646 0.411807 0.248184 0.204654 0.173631 0.150756 0.133123 0.118967 0.107943 0.101076
0.012733 0.154826 2.159883 0.626590 0.328270 0.210349 0.177056 0.152676 0.134306 0.119872 0.108080 0.098796 0.092928
0.015616 0.211112 1.644930 0.466583 0.267335 0.180468 0.154645 0.135275 0.120395 0.108496 0.098616 0.090759 0.085723
0.019538 0.299239 1.117334 0.358894 0.221668 0.156478 0.136207 0.120673 0.108529 0.098660 0.090338 0.083662 0.079322
0.025035 0.440223 0.755434 0.283684 0.186634 0.136939 0.120863 0.108303 0.098328 0.090098 0.083056 0.077362 0.073609
0.033005 0.656235 0.528044 0.229400 0.159211 0.120822 0.107961 0.097734 0.089495 0.082601 0.076619 0.071746 0.068490
0.045008 0.912091 0.383921 0.189086 0.137365 0.107377 0.097010 0.088635 0.081797 0.075999 0.070899 0.066718 0.063885
0.063785 1.013196 0.289343 0.158401 0.119694 0.096048 0.087639 0.080745 0.075048 0.070155 0.065794 0.062198 0.059727
0.093879 0.837920 0.224841 0.134544 0.105206 0.086415 0.079559 0.073861 0.069099 0.064959 0.061221 0.058122 0.055962
0.140506 0.583574 0.179250 0.115651 0.093184 0.078156 0.072544 0.067819 0.063829 0.060318 0.057106 0.054432 0.052540
0.198052 0.392887 0.146000 0.100447 0.083102 0.071024 0.066415 0.062487 0.059137 0.056155 0.053392 0.051081 0.049421
0.226000 0.271271 0.121082 0.088038 0.074567 0.064824 0.061029 0.057759 0.054944 0.052408 0.050028 0.048030 0.046571
0.191532 0.194752 0.101969 0.077783 0.067278 0.059399 0.056272 0.053547 0.051180 0.049023 0.046971 0.045243 0.043960
0.134851 0.145174 0.087007 0.069214 0.061005 0.054627 0.052049 0.049778 0.047789 0.045955 0.044185 0.042691 0.041562
0.091021 0.111794 0.075089 0.061982 0.055569 0.050406 0.048283 0.046393 0.044724 0.043166 0.041639 0.040349 0.039354
0.062845 0.088474 0.065448 0.055824 0.050827 0.046656 0.044911 0.043342 0.041944 0.040622 0.039306 0.038193 0.037316
0.045103 0.071636 0.057543 0.050539 0.046667 0.043309 0.041880 0.040581 0.039414 0.038296 0.037164 0.036205 0.035433
0.033620 0.059125 0.050983 0.045969 0.042997 0.040309 0.039146 0.038076 0.037107 0.036164 0.035191 0.034368 0.033687
0.025900 0.049598 0.045482 0.041991 0.039743 0.037610 0.036670 0.035795 0.034995 0.034204 0.033371 0.032667 0.032067
0.020513 0.042188 0.040824 0.038509 0.036845 0.035174 0.034422 0.033713 0.033059 0.032400 0.031689 0.031088 0.030561
0.016627 0.036316 0.036846 0.035442 0.034252 0.032966 0.032374 0.031807 0.031279 0.030734 0.030130 0.029621 0.029158
0.013742 0.031588 0.033422 0.032727 0.031924 0.030960 0.030504 0.030058 0.029638 0.029193 0.028682 0.028255 0.027849
0.011545 0.027726 0.030455 0.030313 0.029826 0.029132 0.028791 0.028450 0.028123 0.027764 0.027337 0.026980 0.026625
0.009837 0.024533 0.027866 0.028157 0.027928 0.027460 0.027218 0.026967 0.026721 0.026438 0.026083 0.025790 0.025481
0.008483 0.021864 0.025594 0.026223 0.026205 0.025929 0.025771 0.025597 0.025422 0.025205 0.024914 0.024677 0.024408
0.007393 0.019609 0.023590 0.024482 0.024638 0.024522 0.024436 0.024328 0.024214 0.024055 0.023821 0.023633 0.023401
0.006502 0.017688 0.021813 0.022909 0.023207 0.023227 0.023202 0.023152 0.023090 0.022982 0.022799 0.022655 0.022455
0.005765 0.016039 0.020230 0.021483 0.021897 0.022031 0.022059 0.022058 0.022043 0.021979 0.021840 0.021735 0.021565
0.005148 0.014611 0.018814 0.020187 0.020696 0.020926 0.020998 0.021040 0.021065 0.021040 0.020941 0.020870 0.020726
0.004627 0.013368 0.017542 0.019005 0.019590 0.019902 0.020013 0.020091 0.020151 0.020160 0.020095 0.020056 0.019935
0.004183 0.012279 0.016395 0.017923 0.018571 0.018951 0.019095 0.019205 0.019295 0.019334 0.019300 0.019288 0.019188
0.003801 0.011319 0.015358 0.016932 0.017630 0.018067 0.018238 0.018376 0.018492 0.018557 0.018551 0.018563 0.018483
0.003470 0.010469 0.014416 0.016021 0.016758 0.017243 0.017438 0.017599 0.017738 0.017826 0.017844 0.017878 0.017815
0.003182 0.009712 0.013559 0.015182 0.015950 0.016474 0.016690 0.016871 0.017029 0.017138 0.017177 0.017230 0.017182
0.002929 0.009036 0.012777 0.014407 0.015199 0.015756 0.015988 0.016187 0.016361 0.016488 0.016547 0.016616 0.016583
0.002706 0.008429 0.012061 0.013691 0.014500 0.015083 0.015330 0.015543 0.015733 0.015874 0.015950 0.016035 0.016014
0.002508 0.007882 0.011403 0.013026 0.013848 0.014453 0.014712 0.014937 0.015139 0.015294 0.015385 0.015483 0.015473
0.002332 0.007388 0.010799 0.012409 0.013239 0.013862 0.014130 0.014366 0.014578 0.014745 0.014849 0.014959 0.014960
0.002174 0.006939 0.010241 0.011835 0.012670 0.013306 0.013582 0.013827 0.014048 0.014225 0.014341 0.014461 0.014471
0.002033 0.006531 0.009726 0.011300 0.012136 0.012782 0.013065 0.013317 0.013546 0.013732 0.013858 0.013988 0.014006
0.001905 0.006159 0.009249 0.010801 0.011636 0.012289 0.012577 0.012835 0.013071 0.013264 0.013399 0.013537 0.013563
0.001789 0.005818 0.008807 0.010334 0.011166 0.011825 0.012116 0.012379 0.012620 0.012819 0.012962 0.013107 0.013140
0.001684 0.005505 0.008395 0.009897 0.010724 0.011385 0.011680 0.011947 0.012192 0.012397 0.012546 0.012698 0.012736
0.001589 0.005218 0.008013 0.009487 0.010308 0.010970 0.011267 0.011537 0.011785 0.011994 0.012150 0.012307 0.012351
0.001501 0.004953 0.007656 0.009102 0.009915 0.010578 0.010876 0.011147 0.011398 0.011611 0.011772 0.011934 0.011983
0.001421 0.004708 0.007322 0.008740 0.009545 0.010206 0.010504 0.010777 0.011030 0.011246 0.011412 0.011577 0.011631
0.001348 0.004481 0.007010 0.008400 0.009195 0.009853 0.010152 0.010425 0.010679 0.010898 0.011068 0.011236 0.011294
0.001280 0.004271 0.006718 0.008079 0.008864 0.009518 0.009816 0.010090 0.010345 0.010566 0.010738 0.010910 0.010971
0.001217 0.004076 0.006443 0.007776 0.008550 0.009200 0.009497 0.009771 0.010026 0.010248 0.010424 0.010598 0.010662
0.001160 0.003894 0.006186 0.007490 0.008253 0.008898 0.009193 0.009467 0.009722 0.009945 0.010123 0.010299 0.010366
0.001106 0.003724 0.005944 0.007219 0.007971 0.008610 0.008904 0.009176 0.009431 0.009654 0.009834 0.010012 0.010081
0.001056 0.003565 0.005715 0.006963 0.007704 0.008336 0.008628 0.008899 0.009153 0.009377 0.009558 0.009737 0.009808
0.001010 0.003417 0.005500 0.006721 0.007450 0.008075 0.008365 0.008634 0.008887 0.009111 0.009293 0.009473 0.009546
0.000967 0.003278 0.005297 0.006491 0.007208 0.007826 0.008113 0.008381 0.008633 0.008856 0.009039 0.009219 0.009295
0.000926 0.003148 0.005105 0.006272 0.006977 0.007588 0.007873 0.008138 0.008389 0.008611 0.008795 0.008976 0.009053
0.000889 0.003025 0.004923 0.006065 0.006758 0.007361 0.007643 0.007906 0.008155 0.008377 0.008561 0.008742 0.008820
0.000853 0.002910 0.004751 0.005868 0.006549 0.007144 0.007423 0.007684 0.007931 0.008151 0.008336 0.008517 0.008596
0.000820 0.002801 0.004588 0.005680 0.006349 0.006937 0.007212 0.007471 0.007716 0.007935 0.008119 0.008300 0.008380
0.000789 0.002699 0.004433 0.005501 0.006159 0.006738 0.007011 0.007267 0.007509 0.007727 0.007911 0.008092 0.008173
0.000760 0.002602 0.004287 0.005330 0.005977 0.006548 0.006817 0.007071 0.007311 0.007528 0.007711 0.007891 0.007972
0.000732 0.002511 0.004147 0.005168 0.005802 0.006366 0.006632 0.006882 0.007120 0.007335 0.007518 0.007697 0.007779
0.000706 0.002425 0.004014 0.005012 0.005636 0.006191 0.006454 0.006701 0.006937 0.007150 0.007332 0.007511 0.007593
0.000681 0.002343 0.003887 0.004864 0.005476 0.006023 0.006283 0.006527 0.006761 0.006972 0.007153 0.007331 0.007414
0.000658 0.002265 0.003767 0.004722 0.005323 0.005862 0.006118 0.006360 0.006591 0.006801 0.006981 0.007157 0.007240
0.000636 0.002191 0.003652 0.004586 0.005177 0.005708 0.005960 0.006199 0.006428 0.006635 0.006814 0.006990 0.007073
0.000615 0.002121 0.003542 0.004456 0.005036 0.005559 0.005808 0.006044 0.006270 0.006476 0.006654 0.006828 0.006911
0.000596 0.002055 0.003437 0.004332 0.004901 0.005416 0.005662 0.005895 0.006118 0.006322 0.006499 0.006672 0.006755
0.000577 0.001991 0.003337 0.004213 0.004772 0.005279 0.005521 0.005751 0.005972 0.006174 0.006349 0.006521 0.006604
0.000559 0.001931 0.003241 0.004098 0.004648 0.005147 0.005386 0.005613 0.005831 0.006030 0.006204 0.006375 0.006458
0.000542 0.001873 0.003150 0.003989 0.004528 0.005019 0.005255 0.005479 0.005695 0.005892 0.006064 0.006234 0.006316
0.000526 0.001819 0.003062 0.003883 0.004413 0.004897 0.005129 0.005350 0.005563 0.005758 0.005929 0.006097 0.006179
0.000510 0.001766 0.002978 0.003782 0.004302 0.004778 0.005007 0.005226 0.005436 0.005629 0.005799 0.005965 0.006047
0.000496 0.001716 0.002897 0.003685 0.004196 0.004664 0.004890 0.005106 0.005313 0.005504 0.005672 0.005837 0.005918
0.000482 0.001668 0.002820 0.003591 0.004093 0.004554 0.004777 0.004990 0.005194 0.005383 0.005550 0.005713 0.005794
0.000468 0.001622 0.002746 0.003501 0.003994 0.004448 0.004668 0.004877 0.005079 0.005266 0.005431 0.005593 0.005673
0.000455 0.001579 0.002674 0.003414 0.003899 0.004346 0.004562 0.004769 0.004968 0.005153 0.005316 0.005476 0.005557
0.000443 0.001537 0.002606 0.003331 0.003807 0.004247 0.004460 0.004664 0.004861 0.005043 0.005205 0.005364 0.005443
0.000431 0.001496 0.002540 0.003250 0.003718 0.004151 0.004361 0.004562 0.004757 0.004937 0.005097 0.005254 0.005333
0.000420 0.001458 0.002476 0.003173 0.003632 0.004059 0.004266 0.004464 0.004656 0.004834 0.004993 0.005148 0.005227
0.000409 0.001421 0.002415 0.003098 0.003549 0.003969 0.004173 0.004369 0.004558 0.004734 0.004891 0.005045 0.005123
0.000399 0.001385 0.002357 0.003026 0.003469 0.003883 0.004084 0.004277 0.004464 0.004638 0.004793 0.004945 0.005023
0.000389 0.001351 0.002300 0.002956 0.003392 0.003799 0.003997 0.004188 0.004372 0.004544 0.004697 0.004848 0.004925
0.000380 0.001318 0.002246 0.002889 0.003317 0.003718 0.003913 0.004101 0.004283 0.004453 0.004605 0.004754 0.004830
